,seq_RSA-accpro,seq_RSA-accpro20,seq_SS-sspro,seq_SS-sspro8,seq_TM-tmhmm,seq_bulkiness-window5-biop,seq_kd_hydrophobicity-window7-biop,seq_predicted_carbonylated-carspred,seq_residue,seq_resnum,struct_ASA-dssp,struct_ASA_ALL-freesasa_het,struct_ASA_ALL-freesasa_nohet,struct_ASA_BACKBONE-freesasa_het,struct_ASA_BACKBONE-freesasa_nohet,struct_ASA_NONPOLAR-freesasa_het,struct_ASA_NONPOLAR-freesasa_nohet,struct_ASA_POLAR-freesasa_het,struct_ASA_POLAR-freesasa_nohet,struct_ASA_RESIDUE-freesasa_het,struct_ASA_RESIDUE-freesasa_nohet,struct_CA_DEPTH-msms,struct_PHI-dssp,struct_PSI-dssp,struct_RES_DEPTH-msms,struct_RSA-dssp,struct_RSA_ALL-freesasa_het,struct_RSA_ALL-freesasa_nohet,struct_RSA_BACKBONE-freesasa_het,struct_RSA_BACKBONE-freesasa_nohet,struct_RSA_NONPOLAR-freesasa_het,struct_RSA_NONPOLAR-freesasa_nohet,struct_RSA_POLAR-freesasa_het,struct_RSA_POLAR-freesasa_nohet,struct_RSA_RESIDUE-freesasa_het,struct_RSA_RESIDUE-freesasa_nohet,struct_SS-dssp,struct_residue,struct_resnum
0,e,85,C,C,O,inf,inf,"(False, 0.0)",M,1,,,,,,,,,,,,,,,,,,,,,,,,,,,,,
1,e,60,C,C,O,inf,inf,"(False, 0.0)",G,2,,,,,,,,,,,,,,,,,,,,,,,,,,,,,
2,e,65,C,C,O,13.296000000000001,inf,"(False, 0.0)",H,3,184.0,232.24,232.24,81.23,81.23,114.09,114.09,118.15,118.15,151.02,151.02,1.9993800687701262,360.0,-152.9,1.7535090774844295,1.0,126.9,126.9,207.8,207.8,117.6,117.6,137.5,137.5,105.0,105.0,-,H,3.0
3,e,35,C,H,O,14.325999999999999,-0.6714285714285716,"(False, 0.0)",K,4,102.0,104.36,104.36,17.1,17.1,59.28,59.28,45.08,45.08,87.26,87.26,1.9994639604689384,-62.1,129.8,1.870737307317728,0.4975609756097561,50.9,50.9,40.7,40.7,53.4,53.4,48.0,48.0,53.5,53.5,-,K,4.0
4,-,35,C,C,O,17.252,-1.5857142857142856,"(False, 0.0)",P,5,50.0,55.4,55.4,11.17,11.17,55.4,55.4,0.0,0.0,44.23,44.23,1.9995626550712091,-65.0,154.5,2.1678487910971933,0.36764705882352944,40.4,40.4,40.6,40.6,45.7,45.7,0.0,0.0,40.3,40.3,-,P,5.0
5,-,25,H,H,O,17.369999999999997,-2.0285714285714285,"(False, 0.0)",L,6,79.0,86.04,86.04,7.49,7.49,78.55,78.55,7.49,7.49,78.55,78.55,2.000132700767367,-60.4,-40.3,2.271517031843417,0.4817073170731707,47.9,47.9,18.8,18.8,55.2,55.2,20.2,20.2,56.2,56.2,H,L,6.0
6,-,5,H,H,O,17.118000000000002,-0.9285714285714286,"(False, 0.0)",Y,7,53.0,51.85,51.85,1.11,1.11,30.56,30.56,21.29,21.29,50.74,50.74,2.501061753845069,-58.9,-40.4,2.276973173940224,0.23873873873873874,24.2,24.2,2.9,2.9,23.0,23.0,26.2,26.2,28.9,28.9,H,Y,7.0
7,e,35,H,H,O,17.912,-0.11428571428571425,"(False, 0.0)",R,8,112.0,109.15,109.15,1.51,1.51,15.27,15.27,93.87,93.87,107.64,107.64,1.999539115644024,-65.1,-41.0,1.9892777202339649,0.4516129032258064,45.8,45.8,3.6,3.6,20.9,20.9,56.9,56.9,54.9,54.9,H,R,8.0
8,e,30,H,H,O,15.932000000000002,-0.38571428571428573,"(False, 0.0)",Q,9,66.0,60.54,60.54,4.07,4.07,15.23,15.23,45.31,45.31,56.46,56.46,1.9995878446476183,-62.1,-39.1,1.94487211793509,0.3333333333333333,33.9,33.9,9.7,9.7,32.4,32.4,34.4,34.4,41.3,41.3,H,Q,9.0
9,-,0,H,H,O,14.662,-1.5714285714285714,"(False, 0.0)",I,10,3.0,2.51,2.51,0.0,0.0,2.51,2.51,0.0,0.0,2.51,2.51,3.5981693160808583,-70.4,-41.5,3.407571285789168,0.017751479289940832,1.4,1.4,0.0,0.0,1.8,1.8,0.0,0.0,1.9,1.9,H,I,10.0
10,-,25,H,H,O,14.662,-0.7428571428571429,"(False, 0.0)",A,11,4.0,5.06,5.06,0.58,0.58,5.03,5.03,0.02,0.02,4.47,4.47,2.6282143991186904,-58.1,-42.1,2.356810120802685,0.03773584905660377,4.6,4.6,1.3,1.3,7.1,7.1,0.1,0.1,6.9,6.9,H,A,11.0
11,e,50,H,H,O,16.052,-0.7428571428571429,"(False, 0.0)",D,12,50.0,44.23,44.23,0.55,0.55,17.72,17.72,26.51,26.51,43.68,43.68,1.9999571722406204,-60.5,-43.4,1.8696431671757607,0.3067484662576687,31.0,31.0,1.3,1.3,41.7,41.7,26.4,26.4,43.5,43.5,H,D,12.0
12,e,25,H,H,O,14.628,-0.7428571428571429,"(False, 0.0)",R,13,112.0,113.84,113.84,1.35,1.35,37.51,37.51,76.33,76.33,112.49,112.49,1.99955429959696,-62.0,-42.3,1.8790352657437397,0.4516129032258064,47.8,47.8,3.2,3.2,51.3,51.3,46.3,46.3,57.3,57.3,H,R,13.0
13,-,0,H,H,O,15.042000000000002,-1.8857142857142857,"(False, 0.0)",I,14,1.0,0.26,0.26,0.0,0.0,0.26,0.26,0.0,0.0,0.26,0.26,3.787526522615844,-63.4,-41.6,4.5462539498626935,0.005917159763313609,0.1,0.1,0.0,0.0,0.2,0.2,0.0,0.0,0.2,0.2,H,I,14.0
14,e,30,H,H,O,15.595999999999998,-1.5,"(False, 0.0)",R,15,118.0,117.38,117.38,0.74,0.74,43.51,43.51,73.87,73.87,116.63,116.63,2.6739405647556134,-58.8,-40.2,2.1153032693133027,0.4758064516129033,49.3,49.3,1.8,1.8,59.5,59.5,44.8,44.8,59.5,59.5,H,R,15.0
15,e,55,H,H,O,17.02,-0.7428571428571429,"(False, 0.0)",E,16,84.0,74.92,74.92,1.77,1.77,17.89,17.89,57.03,57.03,73.15,73.15,1.9995082173390053,-60.4,-44.9,1.9484825243336603,0.4329896907216495,43.0,43.0,4.2,4.2,34.6,34.6,46.6,46.6,55.3,55.3,H,E,16.0
16,e,35,H,H,O,15.040000000000001,-0.7428571428571429,"(False, 0.0)",Q,17,20.0,24.04,24.04,0.0,0.0,5.76,5.76,18.28,18.28,24.04,24.04,3.6380139632919217,-60.1,-40.6,2.9188427783316677,0.101010101010101,13.4,13.4,0.0,0.0,12.3,12.3,13.9,13.9,17.6,17.6,H,Q,17.0
17,-,0,H,H,O,15.039999999999997,-1.4428571428571428,"(False, 0.0)",I,18,17.0,19.79,19.79,7.01,7.01,12.78,12.78,7.01,7.01,12.78,12.78,3.0121816784298545,-62.5,-45.7,2.6671745794044903,0.10059171597633136,11.3,11.3,16.9,16.9,9.2,9.2,19.0,19.0,9.5,9.5,H,I,18.0
18,e,45,H,H,O,13.006,-1.3,"(False, 0.0)",A,19,76.0,79.52,79.52,40.83,40.83,47.39,47.39,32.13,32.13,38.69,38.69,1.999618878424368,-61.9,-28.3,1.7903979681581537,0.7169811320754716,73.1,73.1,92.9,92.9,66.7,66.7,85.1,85.1,59.7,59.7,H,A,19.0
19,e,60,C,T,O,12.829999999999998,-0.2571428571428572,"(False, 0.0)",R,20,147.0,148.73,148.73,35.98,35.98,72.68,72.68,76.04,76.04,112.74,112.74,1.9993278527074525,-93.5,1.3,1.850502077612152,0.592741935483871,62.4,62.4,85.7,85.7,99.3,99.3,46.1,46.1,57.5,57.5,T,R,20.0
20,e,55,C,T,O,12.830000000000002,-0.3142857142857144,"(False, 0.0)",G,21,39.0,39.03,39.03,39.03,39.03,19.57,19.57,19.46,19.46,0.0,0.0,1.9995438534468681,70.8,20.1,1.70960013059298,0.4642857142857143,48.1,48.1,48.1,48.1,53.7,53.7,43.6,43.6,inf,inf,T,G,21.0
21,e,50,C,S,O,13.672,-1.1857142857142857,"(False, 0.0)",E,22,92.0,89.19,89.19,33.28,33.28,42.06,42.06,47.12,47.12,55.91,55.91,1.9996929536195076,-63.4,-33.0,1.7607215960325775,0.4742268041237113,51.2,51.2,79.2,79.2,81.4,81.4,38.5,38.5,42.3,42.3,S,E,22.0
22,-,10,C,S,O,14.301999999999998,-1.5,"(False, 0.0)",L,23,14.000000000000002,14.29,14.29,1.04,1.04,13.98,13.98,0.31,0.31,13.24,13.24,1.999637744513648,-128.6,129.4,2.4961336267175263,0.08536585365853659,8.0,8.0,2.6,2.6,9.8,9.8,0.8,0.8,9.5,9.5,S,L,23.0
23,e,50,C,C,O,14.301999999999998,-1.3571428571428572,"(False, 0.0)",K,24,36.0,40.6,40.6,0.19,0.19,23.76,23.76,16.84,16.84,40.41,40.41,2.779889763947792,-159.4,164.8,2.110952542829545,0.17560975609756094,19.8,19.8,0.4,0.4,21.4,21.4,17.9,17.9,24.8,24.8,B,K,24.0
24,e,60,C,T,O,13.924000000000001,-1.042857142857143,"(False, 0.0)",P,25,4.0,4.75,4.75,1.85,1.85,4.75,4.75,0.0,0.0,2.9,2.9,1.9998190444340973,-65.1,142.3,2.8497340463392185,0.029411764705882356,3.5,3.5,6.7,6.7,3.9,3.9,0.0,0.0,2.6,2.6,T,P,25.0
25,e,50,C,T,O,11.943999999999999,4.7580986769649563e-17,"(False, 0.0)",G,26,33.0,32.75,32.75,32.75,32.75,7.67,7.67,25.08,25.08,0.0,0.0,1.999395414978587,78.2,-1.4,1.7094284714210006,0.3928571428571429,40.4,40.4,40.4,40.4,21.1,21.1,56.2,56.2,inf,inf,T,G,26.0
26,e,50,C,C,O,13.081999999999999,-0.7714285714285715,"(False, 0.0)",D,27,95.0,80.79,80.79,6.5,6.5,11.39,11.39,69.4,69.4,74.29,74.29,1.999424820510414,-132.7,110.3,1.6721139984151552,0.5828220858895705,56.6,56.6,15.4,15.4,26.8,26.8,69.2,69.2,73.9,73.9,B,D,27.0
27,e,55,E,B,O,13.081999999999999,-0.31428571428571433,"(False, 0.0)",A,28,81.0,86.99,86.99,27.62,27.62,62.65,62.65,24.33,24.33,59.37,59.37,1.9996834934450205,-63.2,136.7,1.8148645472833247,0.7641509433962265,80.0,80.0,62.8,62.8,88.2,88.2,64.5,64.5,91.6,91.6,-,A,28.0
28,-,5,C,C,O,15.556000000000001,-0.5857142857142856,"(False, 0.0)",L,29,6.0,4.57,4.57,4.57,4.57,0.25,0.25,4.32,4.32,0.0,0.0,2.558935952913619,-83.3,141.3,3.110798062167166,0.03658536585365853,2.5,2.5,11.5,11.5,0.2,0.2,11.6,11.6,0.0,0.0,B,L,29.0
29,e,35,C,C,O,15.934000000000001,-0.6428571428571429,"(False, 0.0)",P,30,46.0,48.83,48.83,11.69,11.69,48.45,48.45,0.38,0.38,37.14,37.14,1.9995747986852332,-49.9,127.2,2.2258913289480153,0.3382352941176471,35.6,35.6,42.5,42.5,40.0,40.0,2.4,2.4,33.9,33.9,-,P,30.0
30,e,45,C,C,O,15.528,0.1142857142857143,"(False, 0.0)",T,31,60.0,58.53,58.53,2.19,2.19,37.61,37.61,20.91,20.91,56.34,56.34,2.431473757252191,-59.8,163.9,2.2022896986942184,0.4225352112676056,41.6,41.6,5.2,5.2,50.5,50.5,31.6,31.6,57.1,57.1,-,T,31.0
31,-,25,H,H,O,13.548000000000002,0.39999999999999997,"(False, 0.0)",E,32,58.99999999999999,56.29,56.29,1.66,1.66,17.33,17.33,38.96,38.96,54.63,54.63,2.345391997122704,-51.8,-34.5,2.0140932100468616,0.30412371134020616,32.3,32.3,4.0,4.0,33.5,33.5,31.8,31.8,41.3,41.3,H,E,32.0
32,e,40,H,H,O,14.342000000000002,-0.6428571428571429,"(False, 0.0)",S,33,81.0,76.41,76.41,6.18,6.18,34.45,34.45,41.96,41.96,70.23,70.23,1.9998221759333945,-61.0,-42.4,1.7396161420414007,0.6230769230769231,64.6,64.6,14.2,14.2,73.4,73.4,58.8,58.8,93.7,93.7,H,S,33.0
33,e,40,H,H,O,14.078,-0.5142857142857143,"(False, 0.0)",A,34,41.0,42.44,42.44,9.5,9.5,38.97,38.97,3.47,3.47,32.94,32.94,1.999652387504632,-66.4,-38.8,1.8129756053740944,0.3867924528301887,39.0,39.0,21.6,21.6,54.9,54.9,9.2,9.2,50.8,50.8,H,A,34.0
34,-,0,H,H,O,14.518,-0.9142857142857143,"(False, 0.0)",L,35,1.0,0.41,0.41,0.0,0.0,0.41,0.41,0.0,0.0,0.41,0.41,3.4869848417716423,-59.6,-37.2,4.197690978590192,0.006097560975609756,0.2,0.2,0.0,0.0,0.3,0.3,0.0,0.0,0.3,0.3,H,L,35.0
35,-,0,H,H,O,15.338,-0.014285714285714362,"(False, 0.0)",Q,36,51.0,45.86,45.86,3.4,3.4,10.75,10.75,35.12,35.12,42.46,42.46,2.5501826526555456,-58.6,-45.2,2.0950920384059857,0.2575757575757576,25.6,25.6,8.1,8.1,22.9,22.9,26.6,26.6,31.0,31.0,H,Q,36.0
36,e,55,H,H,O,16.997999999999998,0.042857142857142864,"(False, 0.0)",T,37,121.0,117.05,117.05,24.19,24.19,73.51,73.51,43.55,43.55,92.86,92.86,1.99974149899949,-64.3,-47.3,1.8281215616536317,0.852112676056338,83.3,83.3,57.7,57.7,98.7,98.7,65.8,65.8,94.1,94.1,H,T,37.0
37,e,40,H,H,O,13.398000000000001,0.3857142857142856,"(False, 0.0)",E,38,101.0,94.76,94.76,36.27,36.27,36.01,36.01,58.75,58.75,58.49,58.49,1.9998312938413485,-62.8,-42.7,1.8170472733388583,0.5206185567010311,54.4,54.4,86.3,86.3,69.7,69.7,48.0,48.0,44.3,44.3,H,E,38.0
38,-,5,H,H,O,14.822,-0.27142857142857135,"(False, 0.0)",F,39,46.0,45.22,45.22,25.74,25.74,26.29,26.29,18.94,18.94,19.49,19.49,1.9995773379309325,-99.6,1.9,2.138168538204982,0.233502538071066,22.6,22.6,67.0,67.0,15.9,15.9,54.2,54.2,12.1,12.1,H,F,39.0
39,e,45,C,T,O,13.562000000000001,-0.41428571428571426,"(False, 0.0)",G,40,67.0,68.04,68.04,68.04,68.04,35.7,35.7,32.33,32.33,0.0,0.0,1.9996385897364781,53.5,50.2,1.70960400626509,0.7976190476190477,83.9,83.9,83.9,83.9,98.0,98.0,72.4,72.4,inf,inf,T,G,40.0
40,-,5,C,C,O,13.704000000000002,0.2857142857142857,"(False, 0.0)",V,41,24.0,26.31,26.31,17.6,17.6,17.05,17.05,9.27,9.27,8.72,8.72,1.9993728602237808,-136.1,166.5,2.0419951484127727,0.16901408450704225,17.3,17.3,42.4,42.4,14.8,14.8,25.1,25.1,7.9,7.9,-,V,41.0
41,-,5,C,C,O,14.058000000000002,0.6857142857142858,"(False, 0.0)",S,42,59.0,60.8,60.8,14.3,14.3,49.88,49.88,10.92,10.92,46.5,46.5,1.9996978162521173,-70.1,156.5,2.208381444333499,0.4538461538461538,51.4,51.4,32.9,32.9,106.2,106.2,15.3,15.3,62.1,62.1,-,S,42.0
42,-,20,H,H,O,16.532,0.8857142857142859,"(False, 0.0)",R,43,173.0,173.21,173.21,2.31,2.31,44.74,44.74,128.47,128.47,170.9,170.9,2.587735510896789,-55.6,-36.6,2.0357345552549586,0.6975806451612904,72.7,72.7,5.5,5.5,61.1,61.1,77.9,77.9,87.1,87.1,H,R,43.0
43,-,10,H,H,O,16.532,0.3000000000000001,"(False, 0.0)",V,44,68.0,76.66,76.66,0.0,0.0,76.66,76.66,0.0,0.0,76.66,76.66,2.999130692746211,-64.2,-47.5,2.3623443116487697,0.4788732394366197,50.4,50.4,0.0,0.0,66.6,66.6,0.0,0.0,69.4,69.4,H,V,44.0
44,-,5,H,H,O,17.494,-0.8,"(False, 0.0)",T,45,22.0,19.44,19.44,0.0,0.0,0.42,0.42,19.01,19.01,19.44,19.44,2.3357561355183933,-62.4,-45.3,2.4299433401582027,0.15492957746478872,13.8,13.8,0.0,0.0,0.6,0.6,28.7,28.7,19.7,19.7,H,T,45.0
45,-,0,H,H,O,17.528,-0.42857142857142855,"(False, 0.0)",V,46,0.0,0.34,0.34,0.06,0.06,0.28,0.28,0.06,0.06,0.28,0.28,4.876098299101823,-62.8,-45.3,4.289791147255358,0.0,0.2,0.2,0.1,0.1,0.2,0.2,0.2,0.2,0.3,0.3,H,V,46.0
46,e,20,H,H,O,15.514,0.7571428571428572,"(False, 0.0)",R,47,81.0,81.42,81.42,0.05,0.05,35.63,35.63,45.79,45.79,81.37,81.37,2.184688784533912,-61.0,-42.4,2.0048965985104186,0.32661290322580644,34.2,34.2,0.1,0.1,48.7,48.7,27.8,27.8,41.5,41.5,H,R,47.0
47,e,40,H,H,O,16.64,-0.48571428571428577,"(False, 0.0)",Q,48,74.0,67.04,67.04,2.5,2.5,8.95,8.95,58.09,58.09,64.54,64.54,2.000014905767439,-62.2,-41.6,1.9694170394711408,0.37373737373737376,37.5,37.5,6.0,6.0,19.1,19.1,44.1,44.1,47.2,47.2,H,Q,48.0
48,-,0,H,H,O,15.181999999999999,-0.8857142857142858,"(False, 0.0)",A,49,0.0,0.0,0.0,0.0,0.0,0.0,0.0,0.0,0.0,0.0,0.0,3.9766387192593364,-61.3,-45.5,4.2390487691471055,0.0,0.0,0.0,0.0,0.0,0.0,0.0,0.0,0.0,0.0,0.0,H,A,49.0
49,-,0,H,H,O,15.216,-0.942857142857143,"(False, 0.0)",L,50,7.000000000000001,7.51,7.51,0.01,0.01,7.5,7.5,0.01,0.01,7.5,7.5,2.5826202073665754,-65.1,-39.7,2.3165470926172405,0.042682926829268296,4.2,4.2,0.0,0.0,5.3,5.3,0.0,0.0,5.4,5.4,H,L,50.0
50,e,50,H,H,O,16.606,0.29999999999999993,"(False, 0.0)",R,51,151.0,147.57,147.57,7.83,7.83,59.22,59.22,88.35,88.35,139.74,139.74,1.9995336410698523,-56.6,-43.7,1.8068156365058483,0.6088709677419355,62.0,62.0,18.6,18.6,80.9,80.9,53.5,53.5,71.2,71.2,H,R,51.0
51,e,40,H,H,O,18.62,0.29999999999999993,"(False, 0.0)",Q,52,45.0,46.42,46.42,2.5,2.5,13.66,13.66,32.76,32.76,43.92,43.92,1.9994007788249264,-59.2,-45.7,2.062384032852496,0.2272727272727273,26.0,26.0,5.9,5.9,29.1,29.1,24.8,24.8,32.1,32.1,H,Q,52.0
52,-,0,H,H,O,17.054,-0.4571428571428572,"(False, 0.0)",L,53,5.0,4.04,4.04,0.0,0.0,4.04,4.04,0.0,0.0,4.04,4.04,3.1079075429909904,-65.0,-38.8,3.3534662961520305,0.03048780487804878,2.3,2.3,0.0,0.0,2.8,2.8,0.0,0.0,2.9,2.9,H,L,53.0
53,e,25,H,H,O,17.088,-1.5,"(False, 0.0)",V,54,45.0,48.7,48.7,0.39,0.39,48.32,48.32,0.39,0.39,48.32,48.32,2.9251786587140174,-62.0,-45.5,2.3369949399021532,0.31690140845070425,32.0,32.0,0.9,0.9,42.0,42.0,1.1,1.1,43.7,43.7,H,V,54.0
54,e,55,H,H,O,17.088,-0.21428571428571427,"(False, 0.0)",E,55,131.0,120.99,120.99,23.47,23.47,44.51,44.51,76.48,76.48,97.53,97.53,1.9996916790582853,-59.0,-41.3,1.754564781867867,0.6752577319587629,69.5,69.5,55.9,55.9,86.1,86.1,62.4,62.4,73.8,73.8,H,E,55.0
55,e,40,C,T,O,17.088,0.8285714285714282,"(False, 0.0)",Q,56,109.0,101.37,101.37,18.24,18.24,23.96,23.96,77.41,77.41,83.13,83.13,2.000103735133528,-80.3,4.6,1.8428710494278904,0.5505050505050505,56.7,56.7,43.4,43.4,51.0,51.0,58.7,58.7,60.8,60.8,T,Q,56.0
56,e,25,C,T,O,17.054,-0.21428571428571427,"(False, 0.0)",Q,57,98.0,99.68,99.68,6.04,6.04,45.2,45.2,54.48,54.48,93.64,93.64,2.7350208980313604,66.6,37.3,1.9781049264390669,0.494949494949495,55.7,55.7,14.4,14.4,96.2,96.2,41.3,41.3,68.4,68.4,T,Q,57.0
57,-,10,C,S,O,17.053999999999995,-0.9285714285714286,"(False, 0.0)",I,58,54.00000000000001,54.71,54.71,1.6,1.6,54.3,54.3,0.41,0.41,53.11,53.11,1.9995401268777782,-109.5,-27.6,2.126488157033774,0.3195266272189349,31.1,31.1,3.9,3.9,39.1,39.1,1.1,1.1,39.6,39.6,S,I,58.0
58,-,0,E,E,O,16.058,0.21428571428571427,"(False, 0.0)",L,59,0.0,0.02,0.02,0.0,0.0,0.02,0.02,0.0,0.0,0.02,0.02,4.152180783215288,-139.6,160.6,4.45742276529573,0.0,0.0,0.0,0.0,0.0,0.0,0.0,0.0,0.0,0.0,0.0,E,L,59.0
59,e,25,E,E,O,17.447999999999997,0.21428571428571427,"(False, 0.0)",E,60,18.0,15.28,15.28,0.0,0.0,0.21,0.21,15.07,15.07,15.28,15.28,2.88693861132019,-137.4,137.1,2.741551315321784,0.09278350515463918,8.8,8.8,0.0,0.0,0.4,0.4,12.3,12.3,11.6,11.6,E,E,60.0
60,e,25,E,E,O,16.058,0.6571428571428571,"(False, 0.0)",S,61,39.0,41.64,41.64,2.29,2.29,24.13,24.13,17.51,17.51,39.35,39.35,2.4256714462544084,-78.7,145.6,1.8886855606083384,0.3,35.2,35.2,5.3,5.3,51.4,51.4,24.5,24.5,52.5,52.5,E,S,61.0
61,e,30,E,E,O,12.458,-0.0999999999999999,"(False, 0.0)",I,62,14.000000000000002,20.1,20.1,0.13,0.13,19.97,19.97,0.13,0.13,19.97,19.97,1.9998535064749845,-102.7,124.4,2.112006851833829,0.08284023668639054,11.4,11.4,0.3,0.3,14.4,14.4,0.3,0.3,14.9,14.9,E,I,62.0
62,e,50,C,T,O,11.638,-0.7000000000000001,"(False, 0.0)",Q,63,139.0,136.58,136.58,23.58,23.58,38.77,38.77,97.81,97.81,112.99,112.99,1.9997184748417045,-33.9,93.9,1.7633885302510874,0.702020202020202,76.4,76.4,56.1,56.1,82.5,82.5,74.2,74.2,82.6,82.6,T,Q,63.0
63,e,35,C,T,O,10.424,-0.3,"(False, 0.0)",G,64,77.0,78.48,78.48,78.48,78.48,43.83,43.83,34.65,34.65,0.0,0.0,1.99949688078736,79.7,-49.0,1.7095603151703669,0.9166666666666666,96.8,96.8,96.8,96.8,120.3,120.3,77.6,77.6,inf,inf,T,G,64.0
64,e,50,C,T,O,9.297999999999998,-0.37142857142857144,"(False, 0.0)",S,65,89.0,82.41,82.41,33.87,33.87,30.92,30.92,51.49,51.49,48.53,48.53,1.99967092247906,-57.5,-44.0,1.7395836991783422,0.6846153846153846,69.6,69.6,78.0,78.0,65.9,65.9,72.1,72.1,64.8,64.8,T,S,65.0
65,-,15,E,E,O,10.014,-0.41428571428571426,"(False, 0.0)",G,66,10.0,11.16,11.16,11.16,11.16,9.28,9.28,1.88,1.88,0.0,0.0,1.9993992742875681,163.4,-159.2,1.7096302979221782,0.11904761904761905,13.8,13.8,13.8,13.8,25.5,25.5,4.2,4.2,inf,inf,E,G,66.0
66,-,10,E,E,O,13.648,-0.4714285714285714,"(False, 0.0)",T,67,4.0,3.91,3.91,2.91,2.91,0.0,0.0,3.91,3.91,1.0,1.0,2.5880213851277594,-130.5,130.8,2.2375905755931087,0.028169014084507043,2.8,2.8,6.9,6.9,0.0,0.0,5.9,5.9,1.0,1.0,E,T,67.0
67,-,5,E,E,O,14.896,-0.9142857142857143,"(False, 0.0)",Y,68,82.0,71.58,71.58,1.93,1.93,32.46,32.46,39.11,39.11,69.64,69.64,1.9997340330328912,-123.0,139.5,2.278955397803475,0.36936936936936937,33.4,33.4,5.0,5.0,24.4,24.4,48.2,48.2,39.6,39.6,E,Y,68.0
68,-,5,E,E,O,16.93,-1.3000000000000003,"(False, 0.0)",V,69,1.0,2.18,2.18,1.43,1.43,0.75,0.75,1.43,1.43,0.75,0.75,2.725320517031373,-65.2,149.9,2.5252070129946085,0.007042253521126761,1.4,1.4,3.5,3.5,0.6,0.6,3.9,3.9,0.7,0.7,E,V,69.0
69,e,25,E,E,O,16.490000000000002,-1.885714285714286,"(False, 0.0)",K,70,20.0,20.67,20.67,5.47,5.47,14.85,14.85,5.81,5.81,15.2,15.2,2.3759938940755543,-90.5,149.4,1.9792456088538402,0.0975609756097561,10.1,10.1,13.0,13.0,13.4,13.4,6.2,6.2,9.3,9.3,-,K,70.0
70,e,40,C,C,O,15.739999999999998,-1.1857142857142857,"(False, 0.0)",E,71,10.0,9.33,9.33,8.61,8.61,0.22,0.22,9.12,9.12,0.72,0.72,2.6211422548234777,-72.8,137.0,3.49274085165219,0.05154639175257732,5.4,5.4,20.5,20.5,0.4,0.4,7.4,7.4,0.5,0.5,-,E,71.0
71,e,45,C,C,O,15.739999999999998,-1.5,"(False, 0.0)",E,72,101.0,90.63,90.63,4.55,4.55,29.83,29.83,60.79,60.79,86.08,86.08,1.999693336284246,-112.3,127.0,2.088106960734535,0.5206185567010311,52.0,52.0,10.8,10.8,57.7,57.7,49.6,49.6,65.1,65.1,-,E,72.0
72,e,50,C,C,O,15.162,-2.2857142857142856,"(False, 0.0)",R,73,90.0,86.25,86.25,20.27,20.27,8.88,8.88,77.38,77.38,65.98,65.98,1.9995785391556056,-90.0,65.6,1.8420426678645936,0.3629032258064516,36.2,36.2,48.3,48.3,12.1,12.1,46.9,46.9,33.6,33.6,-,R,73.0
73,-,15,C,C,O,16.054000000000002,-2.2285714285714286,"(False, 0.0)",V,74,43.0,51.24,51.24,8.21,8.21,51.24,51.24,0.0,0.0,43.03,43.03,1.9995322121853076,-68.9,168.2,2.2873081338202605,0.3028169014084507,33.7,33.7,19.8,19.8,44.5,44.5,0.0,0.0,39.0,39.0,-,V,74.0
74,e,45,C,C,O,15.675999999999998,-1.0857142857142856,"(False, 0.0)",N,75,84.0,78.63,78.63,6.32,6.32,24.16,24.16,54.47,54.47,72.31,72.31,2.4392385063438304,-59.0,-39.1,1.777105418185679,0.535031847133758,54.2,54.2,15.2,15.2,58.1,58.1,52.6,52.6,69.9,69.9,H,N,75.0
75,e,40,C,C,O,17.1,-0.18571428571428586,"(False, 0.0)",Y,76,141.0,138.86,138.86,7.92,7.92,99.2,99.2,39.66,39.66,130.94,130.94,1.99951813348376,-60.8,-51.1,2.0037163618360547,0.6351351351351351,64.8,64.8,20.6,20.6,74.5,74.5,48.9,48.9,74.5,74.5,H,Y,76.0
76,e,40,C,C,O,16.746000000000002,-0.04285714285714283,"(False, 0.0)",D,77,8.0,5.79,5.79,0.0,0.0,0.33,0.33,5.46,5.46,5.79,5.79,3.7486823958598894,-63.9,-40.2,3.181196169006863,0.049079754601227,4.1,4.1,0.0,0.0,0.8,0.8,5.4,5.4,5.8,5.8,H,D,77.0
77,-,5,H,H,O,17.072000000000003,-0.10000000000000002,"(False, 0.0)",I,78,42.0,41.82,41.82,0.0,0.0,41.82,41.82,0.0,0.0,41.82,41.82,3.6750634268934137,-57.3,-44.6,3.1505398983185184,0.2485207100591716,23.8,23.8,0.0,0.0,30.1,30.1,0.0,0.0,31.2,31.2,H,I,78.0
78,e,35,H,H,O,17.746,0.29999999999999993,"(False, 0.0)",F,79,96.0,98.3,98.3,2.68,2.68,95.62,95.62,2.68,2.68,95.62,95.62,3.1017058165112883,-58.5,-44.2,2.0877099912972508,0.4873096446700508,49.2,49.2,7.0,7.0,58.0,58.0,7.7,7.7,59.2,59.2,H,F,79.0
79,e,40,H,H,O,18.564,0.3714285714285714,"(False, 0.0)",Q,80,71.0,67.79,67.79,22.69,22.69,3.85,3.85,63.94,63.94,45.09,45.09,1.999788515180338,-63.5,-44.4,1.9623980331017763,0.35858585858585856,37.9,37.9,54.0,54.0,8.2,8.2,48.5,48.5,33.0,33.0,H,Q,80.0
80,-,5,H,H,O,16.178,1.2714285714285711,"(False, 0.0)",L,81,7.000000000000001,5.94,5.94,3.84,3.84,2.46,2.46,3.48,3.48,2.1,2.1,2.382283529510191,-70.9,-38.0,3.3535455805393632,0.042682926829268296,3.3,3.3,9.7,9.7,1.7,1.7,9.4,9.4,1.5,1.5,H,L,81.0
81,e,25,H,H,O,16.178,0.12857142857142853,"(False, 0.0)",T,82,3.0,3.97,3.97,0.32,0.32,3.71,3.71,0.26,0.26,3.65,3.65,1.999645291593128,-120.0,-21.2,1.9705546360050583,0.02112676056338028,2.8,2.8,0.8,0.8,5.0,5.0,0.4,0.4,3.7,3.7,H,T,82.0
82,e,25,C,H,O,15.624,-0.7714285714285715,"(False, 0.0)",S,83,77.0,74.05,74.05,17.2,17.2,26.88,26.88,47.17,47.17,56.85,56.85,1.9997410259788613,85.1,16.9,1.851599745226836,0.5923076923076923,62.6,62.6,39.6,39.6,57.2,57.2,66.1,66.1,75.9,75.9,S,S,83.0
83,-,0,H,H,O,14.057999999999998,-0.8285714285714288,"(False, 0.0)",F,84,40.0,42.84,42.84,2.43,2.43,42.41,42.41,0.43,0.43,40.41,40.41,1.999616437052428,-116.0,138.1,2.122848896499452,0.20304568527918784,21.4,21.4,6.3,6.3,25.7,25.7,1.2,1.2,25.0,25.0,-,F,84.0
84,-,15,H,H,O,14.046000000000001,-0.8285714285714286,"(False, 0.0)",D,85,93.0,85.84,85.84,6.24,6.24,24.35,24.35,61.49,61.49,79.6,79.6,1.999531073826427,-89.6,-180.0,1.7177783317251514,0.5705521472392638,60.1,60.1,14.8,14.8,57.3,57.3,61.3,61.3,79.2,79.2,-,D,85.0
85,e,50,H,H,O,16.432,-0.8428571428571429,"(False, 0.0)",E,86,131.0,120.46,120.46,19.62,19.62,41.0,41.0,79.45,79.45,100.84,100.84,1.999764869969073,57.8,-170.7,1.7419490391594428,0.6752577319587629,69.2,69.2,46.7,46.7,79.3,79.3,64.9,64.9,76.3,76.3,S,E,86.0
86,e,30,H,H,O,14.366,-1.2285714285714284,"(False, 0.0)",K,87,142.0,143.67,143.67,7.7,7.7,97.91,97.91,45.76,45.76,135.97,135.97,1.9996194865984371,-78.9,146.2,1.9020731644837452,0.6926829268292682,70.1,70.1,18.3,18.3,88.1,88.1,48.7,48.7,83.4,83.4,S,K,87.0
87,-,0,H,H,O,14.366,-2.2714285714285714,"(False, 0.0)",L,88,114.0,116.11,116.11,27.53,27.53,94.36,94.36,21.75,21.75,88.58,88.58,1.9996204309598555,-45.3,108.8,1.8418942586825082,0.6951219512195121,64.7,64.7,69.2,69.2,66.3,66.3,58.5,58.5,63.4,63.4,-,L,88.0
88,e,35,H,H,O,14.508000000000001,-2.2285714285714286,"(False, 0.0)",S,89,50.0,46.4,46.4,6.12,6.12,18.74,18.74,27.66,27.66,40.28,40.28,1.9996821358915484,-93.8,146.9,1.9399243025604604,0.38461538461538464,39.2,39.2,14.1,14.1,39.9,39.9,38.8,38.8,53.8,53.8,-,S,89.0
89,e,60,H,H,O,14.104,-1.1285714285714286,"(False, 0.0)",D,90,139.0,125.1,125.1,8.14,8.14,37.53,37.53,87.58,87.58,116.96,116.96,1.9996715906732985,-50.8,-44.7,1.6721953184616425,0.8527607361963192,87.6,87.6,19.2,19.2,88.3,88.3,87.3,87.3,116.4,116.4,H,D,90.0
90,e,40,C,T,O,14.138,-1.0714285714285714,"(False, 0.0)",R,91,209.0,203.33,203.33,9.59,9.59,63.22,63.22,140.1,140.1,193.74,193.74,1.9995590725487216,-64.9,-18.4,1.8391941707921573,0.842741935483871,85.4,85.4,22.8,22.8,86.4,86.4,84.9,84.9,98.8,98.8,H,R,91.0
91,e,50,C,T,O,14.580000000000002,-1.7142857142857142,"(False, 0.0)",H,92,57.0,57.83,57.83,2.27,2.27,26.02,26.02,31.81,31.81,55.56,55.56,2.5687504904387617,-87.8,-25.9,1.9256010387062072,0.30978260869565216,31.6,31.6,5.8,5.8,26.8,26.8,37.0,37.0,38.6,38.6,H,H,92.0
92,e,30,C,C,O,15.398,-2.0571428571428574,"(False, 0.0)",V,93,18.0,21.7,21.7,0.06,0.06,21.7,21.7,0.0,0.0,21.64,21.64,2.1731166067817846,-68.9,-23.9,2.1027676624101947,0.1267605633802817,14.3,14.3,0.1,0.1,18.9,18.9,0.0,0.0,19.6,19.6,H,V,93.0
93,e,50,C,C,O,15.280000000000001,-1.6714285714285713,"(False, 0.0)",D,94,62.00000000000001,54.63,54.63,0.49,0.49,11.5,11.5,43.13,43.13,54.15,54.15,2.2901036608246317,-52.2,-43.5,1.8895757367793655,0.3803680981595092,38.3,38.3,1.2,1.2,27.1,27.1,43.0,43.0,53.9,53.9,T,D,94.0
94,-,10,C,C,O,14.435999999999998,-1.5285714285714285,"(False, 0.0)",T,95,103.0,100.55,100.55,27.41,27.41,62.96,62.96,37.59,37.59,73.14,73.14,1.9998235782907632,-138.1,12.3,1.912753692130692,0.7253521126760564,71.5,71.5,65.3,65.3,84.6,84.6,56.8,56.8,74.1,74.1,T,T,95.0
95,e,40,C,C,O,12.836000000000002,-0.4714285714285714,"(False, 0.0)",H,96,68.0,66.6,66.6,4.28,4.28,36.83,36.83,29.77,29.77,62.32,62.32,1.9999474663708816,-136.3,168.0,2.0454011137436208,0.3695652173913043,36.4,36.4,11.0,11.0,38.0,38.0,34.6,34.6,43.3,43.3,S,H,96.0
96,-,10,E,E,O,14.813999999999998,-0.5285714285714286,"(False, 0.0)",S,97,5.0,6.35,6.35,3.74,3.74,0.3,0.3,6.06,6.06,2.61,2.61,2.5769617083918055,-93.8,127.5,1.8359657901310729,0.038461538461538464,5.4,5.4,8.6,8.6,0.6,0.6,8.5,8.5,3.5,3.5,E,S,97.0
97,e,30,E,E,O,15.939999999999998,0.6142857142857142,"(False, 0.0)",E,98,29.0,20.98,20.98,4.5,4.5,11.52,11.52,9.47,9.47,16.49,16.49,1.9995483954629372,-110.8,129.6,2.1158567347551847,0.14948453608247422,12.0,12.0,10.7,10.7,22.3,22.3,7.7,7.7,12.5,12.5,E,E,98.0
98,-,0,E,E,O,17.482,1.1142857142857143,"(False, 0.0)",V,99,12.0,12.41,12.41,11.31,11.31,1.1,1.1,11.31,11.31,1.1,1.1,2.254976261152684,-96.6,112.6,2.334494510215275,0.08450704225352113,8.2,8.2,27.3,27.3,1.0,1.0,30.7,30.7,1.0,1.0,E,V,99.0
99,-,0,E,E,O,19.548000000000002,1.0714285714285714,"(False, 0.0)",L,100,42.0,45.68,45.68,12.14,12.14,37.43,37.43,8.25,8.25,33.54,33.54,1.9997184249077635,-83.8,-47.6,2.0902155004498453,0.25609756097560976,25.4,25.4,30.5,30.5,26.3,26.3,22.2,22.2,24.0,24.0,E,L,100.0
100,e,30,E,E,O,19.548000000000002,1.7857142857142858,"(False, 0.0)",I,101,49.0,54.08,54.08,0.0,0.0,54.08,54.08,0.0,0.0,54.08,54.08,2.7660322619888307,-137.7,139.8,2.7188386844972063,0.28994082840236685,30.8,30.8,0.0,0.0,38.9,38.9,0.0,0.0,40.3,40.3,E,I,101.0
101,-,10,E,E,O,19.548,2.9285714285714284,"(False, 0.0)",F,102,3.0,3.11,3.11,0.45,0.45,2.67,2.67,0.45,0.45,2.67,2.67,3.4308476086359097,-155.8,116.9,4.694396629677104,0.015228426395939087,1.6,1.6,1.2,1.2,1.6,1.6,1.3,1.3,1.7,1.7,E,F,102.0
102,e,35,E,E,O,19.548000000000002,2.1,"(False, 0.0)",E,103,46.0,41.05,41.05,0.0,0.0,4.13,4.13,36.92,36.92,41.05,41.05,2.994222798203986,-164.9,166.0,2.5571578087784883,0.2371134020618557,23.6,23.6,0.0,0.0,8.0,8.0,30.1,30.1,31.1,31.1,E,E,103.0
103,e,25,E,E,O,18.754,1.8142857142857143,"(False, 0.0)",V,104,0.0,0.73,0.73,0.0,0.0,0.73,0.73,0.0,0.0,0.73,0.73,4.457407027165568,-94.3,129.5,4.256968962221077,0.0,0.5,0.5,0.0,0.0,0.6,0.6,0.0,0.0,0.7,0.7,E,V,104.0
104,-,15,E,E,O,17.094,0.6714285714285714,"(False, 0.0)",I,105,35.0,41.93,41.93,0.0,0.0,41.93,41.93,0.0,0.0,41.93,41.93,2.2402128354508846,-140.1,160.7,2.629752022275894,0.20710059171597636,23.9,23.9,0.0,0.0,30.2,30.2,0.0,0.0,31.2,31.2,E,I,105.0
105,e,50,C,C,O,16.716,-0.2285714285714286,"(False, 0.0)",P,106,33.0,42.0,42.0,0.29,0.29,41.72,41.72,0.29,0.29,41.72,41.72,2.8178991815964887,-58.6,159.4,2.197732083925372,0.2426470588235294,30.6,30.6,1.0,1.0,34.4,34.4,1.8,1.8,38.0,38.0,E,P,106.0
106,-,15,C,C,O,14.738,0.6714285714285715,"(False, 0.0)",A,107,3.0,3.53,3.53,3.53,3.53,0.0,0.0,3.53,3.53,0.0,0.0,2.4983278385265795,-64.7,-35.6,2.5643517419287902,0.02830188679245283,3.3,3.3,8.0,8.0,0.0,0.0,9.4,9.4,0.0,0.0,-,A,107.0
107,e,40,C,C,O,14.418000000000001,0.6142857142857142,"(False, 0.0)",D,108,91.0,81.37,81.37,2.82,2.82,26.14,26.14,55.23,55.23,78.55,78.55,1.9994611928562736,61.3,171.1,2.066465167468505,0.558282208588957,57.0,57.0,6.7,6.7,61.5,61.5,55.1,55.1,78.2,78.2,H,D,108.0
108,e,55,H,H,O,15.212,-0.5285714285714286,"(False, 0.0)",D,109,107.0,95.47,95.47,1.96,1.96,27.99,27.99,67.48,67.48,93.5,93.5,2.3148622334102225,-57.5,-45.9,1.883347326836188,0.656441717791411,66.9,66.9,4.6,4.6,65.9,65.9,67.3,67.3,93.1,93.1,H,D,109.0
109,e,40,H,H,O,15.801999999999998,-0.7999999999999998,"(False, 0.0)",F,110,122.0,129.02,129.02,4.88,4.88,126.51,126.51,2.51,2.51,124.14,124.14,1.9995368015946269,-61.1,-48.5,1.8618637694484732,0.6192893401015228,64.5,64.5,12.7,12.7,76.7,76.7,7.2,7.2,76.9,76.9,H,F,110.0
110,-,0,H,H,O,16.356,-1.557142857142857,"(False, 0.0)",L,111,9.0,8.93,8.93,0.28,0.28,8.65,8.65,0.28,0.28,8.65,8.65,2.576125720320801,-77.4,-31.3,2.6617423454696487,0.054878048780487805,5.0,5.0,0.7,0.7,6.1,6.1,0.8,0.8,6.2,6.2,H,L,111.0
111,-,5,H,H,O,16.91,-0.5142857142857143,"(False, 0.0)",Q,112,47.0,43.58,43.58,0.0,0.0,0.1,0.1,43.49,43.49,43.58,43.58,4.350481799014993,-58.1,-46.4,2.8388487007684775,0.23737373737373735,24.4,24.4,0.0,0.0,0.2,0.2,33.0,33.0,31.9,31.9,H,Q,112.0
112,e,50,H,H,O,17.229999999999997,-0.5142857142857143,"(False, 0.0)",Q,113,122.0,116.6,116.6,9.07,9.07,29.28,29.28,87.32,87.32,107.53,107.53,1.9997847108416318,-60.9,-43.4,1.8792149354956105,0.6161616161616161,65.2,65.2,21.6,21.6,62.3,62.3,66.2,66.2,78.6,78.6,H,Q,113.0
113,e,30,H,H,O,15.84,-0.27142857142857135,"(False, 0.0)",Q,114,58.0,56.61,56.61,9.51,9.51,5.9,5.9,50.7,50.7,47.1,47.1,1.9996746359187207,-63.2,-44.2,1.9023141247665707,0.2929292929292929,31.7,31.7,22.6,22.6,12.6,12.6,38.5,38.5,34.4,34.4,H,Q,114.0
114,-,0,H,H,O,17.23,-0.9142857142857143,"(False, 0.0)",L,115,14.000000000000002,12.72,12.72,12.47,12.47,0.25,0.25,12.47,12.47,0.25,0.25,2.4566866774111378,-85.4,-13.8,2.4999337438479308,0.08536585365853659,7.1,7.1,31.4,31.4,0.2,0.2,33.6,33.6,0.2,0.2,H,L,115.0
115,e,45,C,T,O,17.494,-0.6428571428571429,"(False, 0.0)",Q,116,165.0,153.95,153.95,28.78,28.78,53.62,53.62,100.34,100.34,125.17,125.17,1.9995691169459244,62.8,45.8,1.8369886665787103,0.8333333333333334,86.1,86.1,68.5,68.5,114.1,114.1,76.1,76.1,91.5,91.5,T,Q,116.0
116,-,10,C,C,O,18.089999999999996,-0.6428571428571429,"(False, 0.0)",I,117,43.00000000000001,46.71,46.71,16.98,16.98,38.11,38.11,8.6,8.6,29.73,29.73,1.9996783296548668,-113.4,-153.8,2.0105223250447963,0.25443786982248523,26.6,26.6,40.9,40.9,27.4,27.4,23.3,23.3,22.1,22.1,S,I,117.0
117,e,50,C,C,O,16.699999999999996,-0.6428571428571429,"(False, 0.0)",T,118,74.0,69.6,69.6,1.77,1.77,33.72,33.72,35.88,35.88,67.83,67.83,1.9995967018800456,-110.7,143.6,2.3240916737549533,0.5211267605633803,49.5,49.5,4.2,4.2,45.3,45.3,54.2,54.2,68.8,68.8,-,T,118.0
118,e,60,C,T,O,16.145999999999997,-1.8285714285714285,"(False, 0.0)",P,119,35.0,41.3,41.3,0.0,0.0,41.3,41.3,0.0,0.0,41.3,41.3,3.027666212565708,-71.1,-16.7,2.473965127890483,0.25735294117647056,30.1,30.1,0.0,0.0,34.1,34.1,0.0,0.0,37.7,37.7,T,P,119.0
119,e,55,C,T,O,14.722,-0.7285714285714286,"(False, 0.0)",Q,120,95.0,92.98,92.98,3.04,3.04,24.33,24.33,68.65,68.65,89.94,89.94,1.9997120358985905,-95.9,-4.8,1.9649619214725458,0.4797979797979798,52.0,52.0,7.2,7.2,51.8,51.8,52.1,52.1,65.7,65.7,T,Q,120.0
120,e,35,C,C,O,15.882,-1.5,"(False, 0.0)",D,121,66.0,57.01,57.01,0.43,0.43,14.73,14.73,42.29,42.29,56.58,56.58,1.9995700029976395,-72.8,151.6,2.0675103079074004,0.4049079754601227,39.9,39.9,1.0,1.0,34.7,34.7,42.2,42.2,56.3,56.3,S,D,121.0
121,e,35,C,E,O,16.73,-1.8571428571428572,"(False, 0.0)",R,122,33.0,30.99,30.99,4.34,4.34,0.33,0.33,30.66,30.66,26.64,26.64,2.5582530087279136,-97.8,154.2,2.0820530229575334,0.13306451612903225,13.0,13.0,10.3,10.3,0.4,0.4,18.6,18.6,13.6,13.6,E,R,122.0
122,-,0,E,E,O,16.578,-1.0285714285714287,"(False, 0.0)",V,123,0.0,0.0,0.0,0.0,0.0,0.0,0.0,0.0,0.0,0.0,0.0,3.950873965750728,-132.0,155.6,4.165791929065299,0.0,0.0,0.0,0.0,0.0,0.0,0.0,0.0,0.0,0.0,0.0,E,V,123.0
123,-,0,E,E,O,18.556,-1.0857142857142859,"(False, 0.0)",W,124,3.0,2.43,2.43,0.0,0.0,1.89,1.89,0.55,0.55,2.43,2.43,6.475079809143428,-89.2,135.9,5.725667895602852,0.013215859030837005,1.0,1.0,0.0,0.0,1.0,1.0,0.9,0.9,1.2,1.2,E,W,124.0
124,-,15,E,E,O,18.842000000000002,-1.2285714285714282,"(False, 0.0)",H,125,20.0,22.09,22.09,0.0,0.0,16.46,16.46,5.63,5.63,22.09,22.09,4.037774210062,-114.7,120.7,3.0895088862209827,0.10869565217391304,12.1,12.1,0.0,0.0,17.0,17.0,6.6,6.6,15.4,15.4,E,H,125.0
125,-,0,E,E,O,17.383999999999997,0.014285714285714362,"(False, 0.0)",V,126,3.0,2.45,2.45,0.31,0.31,2.13,2.13,0.31,0.31,2.13,2.13,6.012160554212192,-119.0,134.1,6.621558623705832,0.02112676056338028,1.6,1.6,0.8,0.8,1.9,1.9,0.8,0.8,1.9,1.9,E,V,126.0
126,-,15,E,E,O,17.363999999999997,-1.2285714285714284,"(False, 0.0)",K,127,9.0,12.89,12.89,0.06,0.06,11.67,11.67,1.22,1.22,12.84,12.84,5.021134618148532,-126.5,131.9,3.686399004008543,0.043902439024390234,6.3,6.3,0.1,0.1,10.5,10.5,1.3,1.3,7.9,7.9,E,K,127.0
127,-,5,E,E,O,17.482,-1.2857142857142858,"(False, 0.0)",R,128,8.0,10.1,10.1,0.16,0.16,3.52,3.52,6.57,6.57,9.94,9.94,5.609728836794293,-144.9,151.0,4.359626848050153,0.03225806451612903,4.2,4.2,0.4,0.4,4.8,4.8,4.0,4.0,5.1,5.1,E,R,128.0
128,-,0,E,E,O,16.774,-1.4714285714285715,"(False, 0.0)",V,129,3.0,4.03,4.03,0.15,0.15,4.03,4.03,0.0,0.0,3.88,3.88,3.4749524245209806,-113.2,148.9,3.1180973524530353,0.02112676056338028,2.6,2.6,0.4,0.4,3.5,3.5,0.0,0.0,3.5,3.5,E,V,129.0
129,-,10,E,E,O,16.488,-2.6285714285714286,"(True, 0.5409)",R,130,86.0,84.9,84.9,0.19,0.19,33.0,33.0,51.9,51.9,84.71,84.71,3.27430148125601,-142.8,127.5,2.2648920522913643,0.3467741935483871,35.6,35.6,0.4,0.4,45.1,45.1,31.5,31.5,43.2,43.2,E,R,130.0
130,-,15,E,E,O,16.774,-2.5714285714285716,"(False, 0.0)",Y,131,101.0,94.64,94.64,3.41,3.41,44.87,44.87,49.76,49.76,91.23,91.23,3.5642238954288272,-74.1,133.1,2.1790704162591026,0.454954954954955,44.2,44.2,8.9,8.9,33.7,33.7,61.3,61.3,51.9,51.9,E,Y,131.0
131,-,5,C,E,O,15.35,-2.4857142857142853,"(False, 0.0)",R,132,116.0,108.72,108.72,3.72,3.72,23.66,23.66,85.06,85.06,105.0,105.0,1.9996339578794025,-88.4,143.0,1.979973417414221,0.4677419354838709,45.6,45.6,8.9,8.9,32.3,32.3,51.6,51.6,53.5,53.5,-,R,132.0
132,e,40,C,T,O,15.636000000000001,-3.314285714285714,"(False, 0.0)",K,133,185.0,178.74,178.74,19.22,19.22,107.07,107.07,71.67,71.67,159.52,159.52,1.999558629286138,-56.3,112.0,1.9241978146990115,0.902439024390244,87.2,87.2,45.8,45.8,96.4,96.4,76.3,76.3,97.9,97.9,T,K,133.0
133,e,55,C,T,O,15.516,-2.4,"(False, 0.0)",Q,134,178.0,166.22,166.22,32.7,32.7,51.42,51.42,114.79,114.79,133.51,133.51,1.9995218419510987,66.8,30.9,1.7529450021709136,0.898989898989899,92.9,92.9,77.9,77.9,109.5,109.5,87.1,87.1,97.6,97.6,T,Q,134.0
134,e,20,C,C,O,15.910000000000002,-1.9571428571428573,"(True, 0.7137)",K,135,99.0,105.87,105.87,11.9,11.9,61.78,61.78,44.09,44.09,93.97,93.97,1.999818606897945,-160.5,167.7,1.9177340717445055,0.4829268292682927,51.6,51.6,28.3,28.3,55.6,55.6,47.0,47.0,57.7,57.7,S,K,135.0
135,-,0,C,C,O,15.068000000000001,-0.7714285714285715,"(False, 0.0)",P,136,47.0,47.87,47.87,8.79,8.79,46.23,46.23,1.63,1.63,39.08,39.08,1.999432629998852,-74.0,-178.0,1.9006010740436956,0.34558823529411764,34.9,34.9,31.9,31.9,38.2,38.2,10.2,10.2,35.6,35.6,-,P,136.0
136,-,0,E,E,O,16.458,-0.7142857142857143,"(False, 0.0)",M,137,44.0,43.45,43.45,1.88,1.88,26.8,26.8,16.65,16.65,41.57,41.57,2.8129298672495593,-56.2,151.8,2.02460296320026,0.23404255319148934,22.5,22.5,4.5,4.5,22.8,22.8,22.1,22.1,27.5,27.5,E,M,137.0
137,-,0,E,E,O,16.03,-0.7142857142857144,"(False, 0.0)",A,138,5.0,4.71,4.71,0.02,0.02,4.69,4.69,0.02,0.02,4.69,4.69,2.4446363820830403,-122.8,152.6,2.582497250475228,0.04716981132075472,4.3,4.3,0.0,0.0,6.6,6.6,0.1,0.1,7.2,7.2,E,A,138.0
138,-,0,E,E,O,15.258,-0.2571428571428571,"(False, 0.0)",L,139,5.0,5.63,5.63,0.49,0.49,5.14,5.14,0.49,0.49,5.14,5.14,2.60675212536252,-123.2,131.0,2.26629427120532,0.03048780487804878,3.1,3.1,1.2,1.2,3.6,3.6,1.3,1.3,3.7,3.7,E,L,139.0
139,-,0,E,E,O,15.162,-0.15714285714285717,"(False, 0.0)",E,140,12.0,11.54,11.54,0.47,0.47,2.44,2.44,9.1,9.1,11.07,11.07,2.3100581032254888,-120.5,131.4,2.338793672273793,0.061855670103092786,6.6,6.6,1.1,1.1,4.7,4.7,7.4,7.4,8.4,8.4,E,E,140.0
140,-,15,E,E,O,17.195999999999998,-0.15714285714285722,"(False, 0.0)",E,141,20.0,19.46,19.46,0.06,0.06,1.88,1.88,17.58,17.58,19.4,19.4,2.7597540482495777,-122.1,126.2,2.3360048738253014,0.10309278350515463,11.2,11.2,0.1,0.1,3.6,3.6,14.4,14.4,14.7,14.7,E,E,141.0
141,-,5,E,E,O,16.166,-0.642857142857143,"(False, 0.0)",T,142,4.0,8.58,8.58,0.0,0.0,1.06,1.06,7.52,7.52,8.58,8.58,5.008925759083578,-117.9,129.7,4.647154384755248,0.028169014084507043,6.1,6.1,0.0,0.0,1.4,1.4,11.4,11.4,8.7,8.7,E,T,142.0
142,-,10,E,E,O,16.938,-0.6428571428571429,"(False, 0.0)",W,143,52.0,54.89,54.89,0.05,0.05,48.55,48.55,6.34,6.34,54.84,54.84,3.9966859776458903,-125.3,117.5,2.5952927959564622,0.2290748898678414,22.0,22.0,0.1,0.1,25.9,25.9,10.3,10.3,26.5,26.5,E,W,143.0
143,-,0,C,E,O,18.504,0.11428571428571423,"(False, 0.0)",M,144,0.0,0.02,0.02,0.02,0.02,0.02,0.02,0.0,0.0,0.0,0.0,6.300279918601613,-128.2,144.4,5.8159227011601295,0.0,0.0,0.0,0.0,0.0,0.0,0.0,0.0,0.0,0.0,0.0,E,M,144.0
144,-,10,C,C,O,17.65,1.157142857142857,"(False, 0.0)",P,145,3.0,2.51,2.51,0.0,0.0,2.51,2.51,0.0,0.0,2.51,2.51,2.635880142011581,-89.4,143.3,3.0769610131493303,0.02205882352941177,1.8,1.8,0.0,0.0,2.1,2.1,0.0,0.0,2.3,2.3,E,P,145.0
145,-,15,H,H,O,17.595999999999997,1.657142857142857,"(False, 0.0)",L,146,21.0,21.56,21.56,1.88,1.88,19.77,19.77,1.78,1.78,19.67,19.67,2.523566813806605,-56.3,-41.7,2.255578154709101,0.12804878048780488,12.0,12.0,4.7,4.7,13.9,13.9,4.8,4.8,14.1,14.1,T,L,146.0
146,e,45,H,G,O,18.306,1.5571428571428572,"(False, 0.0)",A,147,85.0,85.52,85.52,27.93,27.93,67.44,67.44,18.08,18.08,57.59,57.59,1.9995005988440484,-72.2,-18.5,1.8453852634607184,0.8018867924528302,78.6,78.6,63.5,63.5,95.0,95.0,47.9,47.9,88.9,88.9,T,A,147.0
147,-,15,H,H,O,18.306,0.7857142857142857,"(False, 0.0)",L,148,40.0,38.61,38.61,2.03,2.03,38.57,38.57,0.04,0.04,36.59,36.59,1.9998714659930736,-90.5,-32.3,2.239537830808446,0.24390243902439024,21.5,21.5,5.1,5.1,27.1,27.1,0.1,0.1,26.2,26.2,T,L,148.0
148,-,0,C,C,O,16.362000000000002,1.557142857142857,"(False, 0.0)",F,149,2.0,1.52,1.52,0.41,0.41,1.52,1.52,0.0,0.0,1.11,1.11,1.9996555212293388,-104.8,30.4,3.5749981253609304,0.01015228426395939,0.8,0.8,1.1,1.1,0.9,0.9,0.0,0.0,0.7,0.7,S,F,149.0
149,e,50,C,T,O,18.342000000000002,0.914285714285714,"(False, 0.0)",P,150,46.0,49.8,49.8,15.44,15.44,36.36,36.36,13.44,13.44,34.36,34.36,1.9995018627891048,-54.8,-30.2,1.8985816668267643,0.3382352941176471,36.3,36.3,56.1,56.1,30.0,30.0,83.5,83.5,31.3,31.3,T,P,150.0
150,e,45,C,T,O,17.216,0.5285714285714285,"(False, 0.0)",D,151,107.0,95.43,95.43,22.25,22.25,35.07,35.07,60.36,60.36,73.17,73.17,1.9997017209216772,-94.2,5.2,1.7209101539125593,0.656441717791411,66.8,66.8,52.6,52.6,82.5,82.5,60.2,60.2,72.8,72.8,T,D,151.0
151,-,0,C,C,O,17.589999999999996,-0.5142857142857143,"(False, 0.0)",L,152,13.0,13.87,13.87,0.92,0.92,13.16,13.16,0.71,0.71,12.94,12.94,1.9998853841597417,-89.3,127.3,2.4915898564230416,0.07926829268292683,7.7,7.7,2.3,2.3,9.2,9.2,1.9,1.9,9.3,9.3,-,L,152.0
152,e,35,C,C,O,16.994,-0.31428571428571433,"(False, 0.0)",T,153,28.0,28.29,28.29,0.0,0.0,24.96,24.96,3.33,3.33,28.29,28.29,2.8574460335870766,-88.3,174.1,2.6940218422489037,0.19718309859154928,20.1,20.1,0.0,0.0,33.5,33.5,5.0,5.0,28.7,28.7,-,T,153.0
153,e,50,H,H,O,18.972,0.18571428571428575,"(False, 0.0)",W,154,22.0,23.96,23.96,0.49,0.49,23.47,23.47,0.49,0.49,23.47,23.47,4.37010531961733,-51.7,-54.3,3.387663373286024,0.09691629955947137,9.6,9.6,1.1,1.1,12.5,12.5,0.8,0.8,11.4,11.4,T,W,154.0
154,e,40,H,H,O,17.942,0.1857142857142857,"(False, 0.0)",Q,155,58.0,62.45,62.45,10.19,10.19,14.77,14.77,47.68,47.68,52.26,52.26,2.603615176949858,-66.3,-8.2,2.0022360962516714,0.2929292929292929,34.9,34.9,24.3,24.3,31.4,31.4,36.2,36.2,38.2,38.2,T,Q,155.0
155,-,15,H,H,O,17.502,-0.8571428571428573,"(False, 0.0)",V,156,59.0,61.09,61.09,4.4,4.4,60.75,60.75,0.35,0.35,56.7,56.7,1.999451841243964,-84.6,99.8,2.2315293109407315,0.4154929577464789,40.2,40.2,10.6,10.6,52.8,52.8,0.9,0.9,51.3,51.3,-,V,156.0
156,-,15,H,H,O,15.732,-0.8714285714285713,"(False, 0.0)",M,157,29.0,30.72,30.72,21.52,21.52,9.31,9.31,21.42,21.42,9.2,9.2,1.9995111892703916,-167.0,-173.5,3.1947059294554436,0.15425531914893614,15.9,15.9,51.2,51.2,7.9,7.9,28.4,28.4,6.1,6.1,-,M,157.0
157,e,50,H,H,O,14.736,-1.3,"(False, 0.0)",E,158,76.0,65.19,65.19,3.75,3.75,8.67,8.67,56.51,56.51,61.44,61.44,1.9999200160939985,-158.6,157.5,2.03655129836349,0.3917525773195876,37.4,37.4,8.9,8.9,16.8,16.8,46.1,46.1,46.5,46.5,-,E,158.0
158,e,40,H,H,O,13.563999999999998,-0.9857142857142857,"(False, 0.0)",N,159,50.0,57.22,57.22,6.26,6.26,27.25,27.25,29.97,29.97,50.96,50.96,2.558148706179235,-65.6,-41.7,1.7919943086647432,0.3184713375796178,39.5,39.5,15.1,15.1,65.6,65.6,29.0,29.0,49.2,49.2,S,N,159.0
159,-,10,H,H,O,13.920000000000002,-2.042857142857143,"(False, 0.0)",S,160,60.0,54.63,54.63,12.74,12.74,33.96,33.96,20.66,20.66,41.89,41.89,1.999779808443521,-65.0,114.4,2.186133584418932,0.4615384615384616,46.2,46.2,29.3,29.3,72.3,72.3,29.0,29.0,55.9,55.9,-,S,160.0
160,-,0,H,H,O,13.943999999999999,-1.9142857142857144,"(False, 0.0)",K,161,45.0,50.07,50.07,4.7,4.7,43.56,43.56,6.52,6.52,45.38,45.38,2.338948575972373,-65.1,-36.9,2.12688751070018,0.2195121951219512,24.4,24.4,11.2,11.2,39.2,39.2,6.9,6.9,27.8,27.8,H,K,161.0
161,-,5,H,H,O,15.34,-0.7714285714285714,"(False, 0.0)",Y,162,136.0,135.7,135.7,1.21,1.21,108.29,108.29,27.41,27.41,134.49,134.49,2.579398356195775,-63.4,-46.7,1.8869777868333195,0.6126126126126126,63.4,63.4,3.2,3.2,81.4,81.4,33.8,33.8,76.5,76.5,H,Y,162.0
162,e,35,H,H,O,17.726,-0.7714285714285715,"(False, 0.0)",H,163,86.0,89.72,89.72,4.34,4.34,45.97,45.97,43.74,43.74,85.38,85.38,1.9996055658500669,-60.8,-41.1,1.8849374548862896,0.4673913043478261,49.0,49.0,11.1,11.1,47.4,47.4,50.9,50.9,59.3,59.3,H,H,163.0
163,-,5,H,H,O,17.298,-1.1571428571428568,"(False, 0.0)",F,164,6.0,7.23,7.23,0.84,0.84,7.23,7.23,0.0,0.0,6.39,6.39,1.9999081029302463,-58.9,-56.8,2.8800975128113597,0.030456852791878174,3.6,3.6,2.2,2.2,4.4,4.4,0.0,0.0,4.0,4.0,H,F,164.0
164,-,0,H,H,O,16.406,0.0,"(False, 0.0)",I,165,12.0,13.82,13.82,0.0,0.0,13.82,13.82,0.0,0.0,13.82,13.82,4.142287113003437,-55.4,-35.9,3.433840939155976,0.07100591715976333,7.9,7.9,0.0,0.0,10.0,10.0,0.0,0.0,10.3,10.3,H,I,165.0
165,e,30,H,H,O,17.982,-0.3714285714285714,"(False, 0.0)",E,166,78.0,68.49,68.49,4.36,4.36,6.15,6.15,62.34,62.34,64.13,64.13,2.9492713062374443,-66.8,-53.9,2.191730302689768,0.4020618556701031,39.3,39.3,10.4,10.4,11.9,11.9,50.9,50.9,48.5,48.5,H,E,166.0
166,e,50,H,H,O,17.163999999999998,-0.4714285714285714,"(False, 0.0)",E,167,120.0,107.06,107.06,17.39,17.39,19.32,19.32,87.74,87.74,89.66,89.66,1.999569341618905,-96.8,-15.0,1.81626004087428,0.6185567010309279,61.5,61.5,41.4,41.4,37.4,37.4,71.6,71.6,67.8,67.8,H,E,167.0
167,e,35,H,H,O,16.026,-0.6,"(False, 0.0)",V,168,1.0,1.04,1.04,1.04,1.04,0.12,0.12,0.92,0.92,0.0,0.0,2.249567438621875,-63.9,-41.8,2.527133678855197,0.007042253521126761,0.7,0.7,2.5,2.5,0.1,0.1,2.5,2.5,0.0,0.0,H,V,168.0
168,-,20,C,T,O,16.562,-0.6428571428571429,"(False, 0.0)",K,169,5.0,4.17,4.17,4.17,4.17,0.77,0.77,3.39,3.39,0.0,0.0,2.1800323746823884,-109.8,156.6,3.2995170674619065,0.024390243902439025,2.0,2.0,9.9,9.9,0.7,0.7,3.6,3.6,0.0,0.0,S,K,169.0
169,e,50,C,T,O,18.162,0.5000000000000001,"(False, 0.0)",K,170,151.0,150.17,150.17,36.1,36.1,75.84,75.84,74.32,74.32,114.07,114.07,1.9996419268847148,-63.5,-33.2,1.8706707492961527,0.7365853658536585,73.3,73.3,86.0,86.0,68.3,68.3,79.2,79.2,70.0,70.0,S,K,170.0
170,-,10,C,C,O,18.128,0.5000000000000001,"(False, 0.0)",M,171,68.0,68.63,68.63,1.92,1.92,45.78,45.78,22.85,22.85,66.71,66.71,1.9994106071090836,-71.4,135.3,1.9811796830941697,0.3617021276595745,35.5,35.5,4.6,4.6,38.9,38.9,30.3,30.3,44.1,44.1,S,M,171.0
171,e,35,E,C,O,17.321999999999996,-0.7428571428571429,"(False, 0.0)",V,172,84.0,92.36,92.36,3.9,3.9,88.45,88.45,3.9,3.9,88.45,88.45,2.161025763418764,-74.6,149.3,1.9528299512889973,0.5915492957746479,60.8,60.8,9.4,9.4,76.9,76.9,10.6,10.6,80.1,80.1,-,V,172.0
172,-,5,E,E,O,17.036,-0.3000000000000001,"(False, 0.0)",I,173,31.0,37.09,37.09,15.15,15.15,21.94,21.94,15.15,15.15,21.94,21.94,2.549121631065637,-69.7,131.0,2.1235353348355,0.1834319526627219,21.1,21.1,36.5,36.5,15.8,15.8,41.1,41.1,16.3,16.3,-,I,173.0
173,e,30,E,E,O,15.680000000000001,-0.24285714285714283,"(False, 0.0)",D,174,84.0,73.42,73.42,32.98,32.98,7.58,7.58,65.84,65.84,40.45,40.45,1.9995838793566436,-123.5,-35.3,1.7489261228667672,0.5153374233128835,51.4,51.4,78.0,78.0,17.8,17.8,65.7,65.7,40.3,40.3,-,D,174.0
174,e,30,H,E,O,14.079999999999998,-1.0142857142857142,"(False, 0.0)",R,175,162.0,161.31,161.31,6.72,6.72,41.44,41.44,119.87,119.87,154.59,154.59,1.9997845886883296,-147.8,151.1,1.988297613483484,0.6532258064516129,67.7,67.7,16.0,16.0,56.6,56.6,72.6,72.6,78.8,78.8,E,R,175.0
175,-,0,H,E,O,12.690000000000001,-2.1142857142857143,"(False, 0.0)",S,176,48.0,50.72,50.72,26.4,26.4,17.65,17.65,33.06,33.06,24.32,24.32,2.334527640030116,-133.3,114.1,1.8545395286579296,0.3692307692307693,42.9,42.9,60.8,60.8,37.6,37.6,46.3,46.3,32.5,32.5,E,S,176.0
176,e,30,E,E,O,13.068000000000001,-2.1142857142857143,"(False, 0.0)",E,177,100.0,88.49,88.49,2.16,2.16,19.24,19.24,69.25,69.25,86.33,86.33,1.9998894450113225,-112.4,133.0,1.8167262545095408,0.5154639175257731,50.8,50.8,5.1,5.1,37.2,37.2,56.5,56.5,65.3,65.3,E,E,177.0
177,e,40,E,E,O,14.491999999999999,-0.9714285714285714,"(False, 0.0)",Q,178,106.0,104.44,104.44,40.04,40.04,13.16,13.16,91.28,91.28,64.39,64.39,1.9995727201205469,-135.3,144.0,1.7529441699682868,0.5353535353535354,58.4,58.4,95.3,95.3,28.0,28.0,69.2,69.2,47.1,47.1,E,Q,178.0
178,e,25,E,E,O,16.877999999999997,-0.5571428571428572,"(False, 0.0)",E,179,116.0,102.28,102.28,4.53,4.53,33.71,33.71,68.57,68.57,97.75,97.75,1.999555312601392,-120.0,146.3,1.9793342491513304,0.5979381443298969,58.7,58.7,10.8,10.8,65.2,65.2,56.0,56.0,74.0,74.0,E,E,179.0
179,-,0,E,E,O,17.65,0.10000000000000002,"(False, 0.0)",I,180,134.0,133.71,133.71,24.73,24.73,108.98,108.98,24.73,24.73,108.98,108.98,2.364559173147129,-132.9,128.3,1.9339880777741043,0.7928994082840237,76.1,76.1,59.6,59.6,78.5,78.5,67.1,67.1,81.2,81.2,E,I,180.0
180,e,30,E,E,O,19.04,0.8714285714285713,"(False, 0.0)",I,181,45.00000000000001,50.24,50.24,1.15,1.15,50.24,50.24,0.0,0.0,49.09,49.09,1.9997219916794624,-140.7,142.2,2.3120146018124403,0.26627218934911245,28.6,28.6,2.8,2.8,36.2,36.2,0.0,0.0,36.6,36.6,E,I,181.0
181,-,0,E,E,O,19.576,1.142857142857143,"(False, 0.0)",P,182,86.0,84.58,84.58,16.87,16.87,68.03,68.03,16.55,16.55,67.71,67.71,2.576198033178449,-90.2,123.3,2.0351507645884395,0.6323529411764706,61.6,61.6,61.3,61.3,56.2,56.2,102.9,102.9,61.7,61.7,E,P,182.0
182,-,15,E,E,O,18.782,1.5428571428571427,"(False, 0.0)",L,183,69.0,71.75,71.75,7.26,7.26,70.31,70.31,1.44,1.44,64.5,64.5,1.999679397193372,-120.1,167.1,1.923113513409288,0.4207317073170732,40.0,40.0,18.2,18.2,49.4,49.4,3.9,3.9,46.1,46.1,E,L,183.0
183,-,20,C,E,O,17.656,0.39999999999999997,"(False, 0.0)",M,184,104.0,105.86,105.86,7.54,7.54,82.73,82.73,23.13,23.13,98.32,98.32,1.999565538279186,-78.2,145.3,1.8931337114234799,0.5531914893617021,54.8,54.8,17.9,17.9,70.3,70.3,30.6,30.6,65.1,65.1,-,M,184.0
184,-,5,C,C,O,16.883999999999997,-0.7428571428571428,"(False, 0.0)",P,185,1.0,0.77,0.77,0.68,0.68,0.09,0.09,0.68,0.68,0.09,0.09,3.2900090452030684,-64.7,147.3,3.121602140413453,0.007352941176470587,0.6,0.6,2.5,2.5,0.1,0.1,4.2,4.2,0.1,0.1,-,P,185.0
185,e,40,C,C,O,15.318000000000001,-0.24285714285714285,"(False, 0.0)",T,186,78.0,77.13,77.13,3.33,3.33,67.31,67.31,9.82,9.82,73.8,73.8,1.9996772588718768,-111.2,-174.0,2.1675953758805027,0.5492957746478874,54.9,54.9,7.9,7.9,90.4,90.4,14.8,14.8,74.8,74.8,-,T,186.0
186,e,55,H,H,O,15.318000000000001,-0.9000000000000001,"(False, 0.0)",E,187,122.0,109.72,109.72,1.23,1.23,44.78,44.78,64.94,64.94,108.49,108.49,1.9996169038822655,-57.8,-36.7,1.892375418058286,0.6288659793814433,63.0,63.0,2.9,2.9,86.6,86.6,53.0,53.0,82.1,82.1,H,E,187.0
187,e,45,H,H,O,13.725999999999999,-1.8142857142857143,"(False, 0.0)",E,188,49.99999999999999,50.78,50.78,0.1,0.1,32.22,32.22,18.56,18.56,50.68,50.68,2.8707144859752995,-58.4,-50.2,2.216971940634469,0.25773195876288657,29.2,29.2,0.2,0.2,62.3,62.3,15.2,15.2,38.3,38.3,H,E,188.0
188,-,15,H,H,O,13.428,-1.0428571428571427,"(False, 0.0)",M,189,11.0,11.72,11.72,0.0,0.0,11.72,11.72,0.0,0.0,11.72,11.72,3.4844898418313237,-63.8,-43.0,3.1359755776971268,0.058510638297872335,6.1,6.1,0.0,0.0,10.0,10.0,0.0,0.0,7.8,7.8,H,M,189.0
189,-,5,H,H,O,14.994,-0.4000000000000001,"(False, 0.0)",S,190,46.0,42.88,42.88,7.03,7.03,6.35,6.35,36.53,36.53,35.85,35.85,2.7694533203428398,-54.4,-54.5,2.2349415443614706,0.3538461538461539,36.2,36.2,16.2,16.2,13.5,13.5,51.2,51.2,47.8,47.8,H,S,190.0
190,e,45,H,H,O,16.56,-0.4000000000000001,"(False, 0.0)",R,191,152.0,155.37,155.37,33.07,33.07,72.77,72.77,82.6,82.6,122.3,122.3,1.999432359696541,-67.9,-39.3,1.8752934355954796,0.6129032258064516,65.2,65.2,78.7,78.7,99.5,99.5,50.1,50.1,62.3,62.3,H,R,191.0
191,-,15,H,H,O,15.874,0.7428571428571429,"(False, 0.0)",L,192,28.000000000000004,28.67,28.67,3.66,3.66,27.64,27.64,1.03,1.03,25.01,25.01,1.9995119543422988,-100.3,-20.5,2.1278630213694067,0.17073170731707318,16.0,16.0,9.2,9.2,19.4,19.4,2.8,2.8,17.9,17.9,H,L,192.0
192,-,0,H,H,O,18.26,0.3571428571428571,"(False, 0.0)",L,193,4.0,2.18,2.18,1.86,1.86,0.32,0.32,1.86,1.86,0.32,0.32,3.3919881496897486,-113.9,-2.4,3.4775926356063906,0.024390243902439025,1.2,1.2,4.7,4.7,0.2,0.2,5.0,5.0,0.2,0.2,H,L,193.0
193,e,50,C,T,O,17.297999999999995,-0.02857142857142847,"(False, 0.0)",N,194,131.0,120.61,120.61,15.86,15.86,13.71,13.71,106.89,106.89,104.74,104.74,1.9996071966253863,58.7,54.0,1.805692995126688,0.8343949044585988,83.2,83.2,38.2,38.2,33.0,33.0,103.3,103.3,101.2,101.2,T,N,194.0
194,-,10,C,C,O,15.907999999999998,0.5142857142857142,"(False, 0.0)",I,195,12.0,14.75,14.75,14.23,14.23,2.77,2.77,11.98,11.98,0.52,0.52,1.9994689750793608,-110.2,169.5,2.549706751576178,0.07100591715976333,8.4,8.4,34.3,34.3,2.0,2.0,32.5,32.5,0.4,0.4,-,I,195.0
195,e,50,C,C,O,14.782,-0.5857142857142857,"(False, 0.0)",S,196,71.0,67.88,67.88,8.35,8.35,49.42,49.42,18.46,18.46,59.54,59.54,1.9995435795138192,-101.7,151.6,2.0666927686837817,0.5461538461538461,57.4,57.4,19.2,19.2,105.2,105.2,25.9,25.9,79.5,79.5,-,S,196.0
196,e,60,C,T,O,15.36,-1.3571428571428572,"(False, 0.0)",Q,197,123.0,122.08,122.08,21.9,21.9,57.35,57.35,64.73,64.73,100.18,100.18,2.307712200132552,-49.8,131.1,1.8284088866370838,0.6212121212121212,68.3,68.3,52.1,52.1,122.1,122.1,49.1,49.1,73.2,73.2,T,Q,197.0
197,e,50,C,T,O,14.565999999999999,-0.21428571428571438,"(False, 0.0)",T,198,74.0,68.96,68.96,10.69,10.69,45.57,45.57,23.38,23.38,58.26,58.26,2.4177171102021355,80.5,-1.6,2.004168050768685,0.5211267605633803,49.0,49.0,25.5,25.5,61.2,61.2,35.3,35.3,59.1,59.1,T,T,198.0
198,-,20,C,C,O,16.951999999999998,-0.3142857142857142,"(False, 0.0)",K,199,46.0,50.02,50.02,7.85,7.85,23.59,23.59,26.43,26.43,42.17,42.17,1.9994942215390563,-63.7,109.0,2.2739957697043263,0.22439024390243906,24.4,24.4,18.7,18.7,21.2,21.2,28.2,28.2,25.9,25.9,-,K,199.0
199,-,0,C,C,O,18.342000000000002,-0.7000000000000001,"(False, 0.0)",P,200,25.0,27.41,27.41,0.59,0.59,27.41,27.41,0.0,0.0,26.83,26.83,1.9998532898919372,-57.9,146.0,2.5066890629991248,0.18382352941176472,20.0,20.0,2.1,2.1,22.6,22.6,0.0,0.0,24.5,24.5,-,P,200.0
200,-,0,E,E,O,17.901999999999997,-0.7571428571428572,"(False, 0.0)",I,201,0.0,0.0,0.0,0.0,0.0,0.0,0.0,0.0,0.0,0.0,0.0,3.945983611293829,-136.2,141.7,4.29751917722556,0.0,0.0,0.0,0.0,0.0,0.0,0.0,0.0,0.0,0.0,0.0,E,I,201.0
201,-,0,E,E,O,17.901999999999997,-0.057142857142857065,"(False, 0.0)",L,202,66.0,66.99,66.99,0.0,0.0,66.99,66.99,0.0,0.0,66.99,66.99,3.073627189470714,-81.6,123.6,2.7575242611077537,0.4024390243902439,37.3,37.3,0.0,0.0,47.0,47.0,0.0,0.0,47.9,47.9,E,L,202.0
202,-,15,E,E,O,18.73,0.3857142857142856,"(False, 0.0)",E,203,19.0,11.45,11.45,0.03,0.03,0.03,0.03,11.42,11.42,11.42,11.42,3.4038984365542984,-108.6,117.0,2.6196022953080456,0.0979381443298969,6.6,6.6,0.1,0.1,0.1,0.1,9.3,9.3,8.6,8.6,E,E,203.0
203,-,0,E,E,O,16.344,-0.028571428571428532,"(False, 0.0)",K,204,78.0,75.4,75.4,0.03,0.03,29.11,29.11,46.3,46.3,75.37,75.37,2.5688209559621558,-107.5,108.5,2.629678585862748,0.3804878048780488,36.8,36.8,0.1,0.1,26.2,26.2,49.3,49.3,46.2,46.2,E,K,204.0
204,-,15,E,E,O,14.919999999999998,-0.7285714285714286,"(False, 0.0)",V,205,9.0,12.84,12.84,0.0,0.0,12.84,12.84,0.0,0.0,12.84,12.84,3.2505611495725137,-95.9,133.2,2.6432609527844697,0.06338028169014084,8.5,8.5,0.0,0.0,11.2,11.2,0.0,0.0,11.6,11.6,E,V,205.0
205,-,15,E,E,O,12.886000000000001,-1.457142857142857,"(False, 0.0)",S,206,21.0,20.77,20.77,0.44,0.44,15.06,15.06,5.71,5.71,20.33,20.33,2.563482945265936,-126.0,130.0,2.0475691689568216,0.16153846153846155,17.6,17.6,1.0,1.0,32.1,32.1,8.0,8.0,27.1,27.1,E,S,206.0
206,-,10,E,E,O,13.35,-0.41428571428571426,"(False, 0.0)",R,207,79.0,78.55,78.55,0.16,0.16,4.57,4.57,73.98,73.98,78.4,78.4,2.287787053716105,-111.8,123.9,1.984771702645942,0.3185483870967742,33.0,33.0,0.4,0.4,6.2,6.2,44.8,44.8,40.0,40.0,E,R,207.0
207,-,0,E,E,O,13.315999999999999,0.7428571428571429,"(False, 0.0)",G,208,6.0,7.12,7.12,7.12,7.12,4.51,4.51,2.61,2.61,0.0,0.0,1.9994633420777552,-96.7,133.9,2.6311050588024565,0.07142857142857142,8.8,8.8,8.8,8.8,12.4,12.4,5.8,5.8,inf,inf,E,G,208.0
208,-,20,E,E,O,15.736,-0.35714285714285715,"(False, 0.0)",Y,209,36.0,31.83,31.83,0.0,0.0,17.55,17.55,14.27,14.27,31.83,31.83,3.516405167631936,-121.5,137.5,2.5210974087723543,0.16216216216216214,14.9,14.9,0.0,0.0,13.2,13.2,17.6,17.6,18.1,18.1,E,Y,209.0
209,-,25,C,E,O,15.216,-0.3000000000000001,"(False, 0.0)",L,210,11.0,11.4,11.4,0.28,0.28,11.13,11.13,0.28,0.28,11.13,11.13,2.7427318200197486,-83.0,169.6,2.688418697519713,0.06707317073170732,6.4,6.4,0.7,0.7,7.8,7.8,0.7,0.7,8.0,8.0,E,L,210.0
210,e,50,C,T,O,15.216,-0.3000000000000001,"(False, 0.0)",V,211,65.0,79.87,79.87,0.67,0.67,79.87,79.87,0.0,0.0,79.21,79.21,2.46436540102591,-41.1,154.3,2.1890066157219965,0.4577464788732394,52.6,52.6,1.6,1.6,69.4,69.4,0.0,0.0,71.7,71.7,T,V,211.0
211,e,60,C,T,O,14.466,0.35714285714285715,"(False, 0.0)",D,212,136.0,123.15,123.15,37.27,37.27,36.36,36.36,86.79,86.79,85.88,85.88,1.9997032799381167,61.4,33.9,1.6721195909869744,0.8343558282208589,86.3,86.3,88.1,88.1,85.6,85.6,86.6,86.6,85.5,85.5,T,D,212.0
212,e,55,C,S,O,14.5,0.9428571428571428,"(False, 0.0)",G,213,56.0,58.88,58.88,58.88,58.88,30.92,30.92,27.95,27.95,0.0,0.0,1.999433269024168,69.7,24.6,1.7097089393354936,0.6666666666666666,72.6,72.6,72.6,72.6,84.9,84.9,62.6,62.6,inf,inf,T,G,213.0
213,e,30,C,C,O,14.146,-0.09999999999999996,"(False, 0.0)",R,214,155.0,146.4,146.4,4.82,4.82,38.6,38.6,107.81,107.81,141.58,141.58,1.9996691036239125,-100.4,113.1,2.0315447600116583,0.625,61.5,61.5,11.5,11.5,52.7,52.7,65.3,65.3,72.2,72.2,E,R,214.0
214,-,10,E,E,O,14.524000000000001,-0.8857142857142855,"(False, 0.0)",V,215,13.0,14.2,14.2,5.25,5.25,8.94,8.94,5.25,5.25,8.94,8.94,2.535875942385372,-63.6,130.5,2.2707376725164083,0.09154929577464788,9.3,9.3,12.7,12.7,7.8,7.8,14.3,14.3,8.1,8.1,E,V,215.0
215,-,0,E,E,O,17.45,-0.5,"(False, 0.0)",F,216,0.0,0.2,0.2,0.0,0.0,0.2,0.2,0.0,0.0,0.2,0.2,3.465228707718537,-110.6,-24.5,3.6026010972264735,0.0,0.1,0.1,0.0,0.0,0.1,0.1,0.0,0.0,0.1,0.1,E,F,216.0
216,-,25,E,E,O,16.488,-1.0857142857142856,"(False, 0.0)",E,217,5.0,4.37,4.37,0.1,0.1,2.6,2.6,1.77,1.77,4.27,4.27,2.6381658224607305,-162.5,156.5,2.238530808139477,0.02577319587628866,2.5,2.5,0.2,0.2,5.0,5.0,1.4,1.4,3.2,3.2,E,E,217.0
217,-,5,E,E,O,15.030000000000001,-0.9428571428571428,"(False, 0.0)",Y,218,13.999999999999998,12.74,12.74,0.36,0.36,10.14,10.14,2.61,2.61,12.38,12.38,1.9998466652194464,-123.3,140.5,2.020390224097821,0.06306306306306306,5.9,5.9,0.9,0.9,7.6,7.6,3.2,3.2,7.0,7.0,E,Y,218.0
218,-,0,E,E,O,13.634,-1.2857142857142858,"(False, 0.0)",S,219,9.0,10.85,10.85,0.38,0.38,10.04,10.04,0.81,0.81,10.48,10.48,2.594532387917307,-127.6,133.7,2.4987674818813885,0.06923076923076922,9.2,9.2,0.9,0.9,21.4,21.4,1.1,1.1,14.0,14.0,E,S,219.0
219,e,25,E,E,O,13.219999999999999,-1.2857142857142858,"(False, 0.0)",R,220,69.0,74.29,74.29,1.08,1.08,8.81,8.81,65.48,65.48,73.2,73.2,3.073245019270588,-117.6,122.3,2.2146326714040345,0.2782258064516129,31.2,31.2,2.6,2.6,12.0,12.0,39.7,39.7,37.3,37.3,E,R,220.0
220,-,5,E,E,O,13.574000000000002,-1.2857142857142858,"(False, 0.0)",N,221,3.0,4.44,4.44,0.0,0.0,0.47,0.47,3.97,3.97,4.44,4.44,2.259608171234566,-119.4,128.8,2.2360491181219744,0.01910828025477707,3.1,3.1,0.0,0.0,1.1,1.1,3.8,3.8,4.3,4.3,E,N,221.0
221,-,15,E,E,O,14.244,-1.1999999999999997,"(False, 0.0)",A,222,4.0,2.99,2.99,0.03,0.03,2.97,2.97,0.03,0.03,2.97,2.97,2.7004566093453004,-115.4,134.9,2.7666278780657465,0.03773584905660377,2.8,2.8,0.1,0.1,4.2,4.2,0.1,0.1,4.6,4.6,E,A,222.0
222,-,5,E,E,O,14.541999999999998,-1.5857142857142854,"(False, 0.0)",F,223,47.0,49.87,49.87,0.21,0.21,49.87,49.87,0.0,0.0,49.66,49.66,1.999607844026568,-139.3,140.3,2.212250873068791,0.2385786802030457,24.9,24.9,0.5,0.5,30.2,30.2,0.0,0.0,30.8,30.8,E,F,223.0
223,e,25,C,E,O,14.313999999999998,-1.4428571428571428,"(False, 0.0)",N,224,30.000000000000004,30.38,30.38,14.33,14.33,4.26,4.26,26.12,26.12,16.05,16.05,2.3114785754981733,-53.2,132.8,1.8605082320581647,0.1910828025477707,21.0,21.0,34.5,34.5,10.2,10.2,25.2,25.2,15.5,15.5,E,N,224.0
224,-,15,C,T,O,14.35,-1.1285714285714286,"(False, 0.0)",T,225,10.0,10.56,10.56,6.65,6.65,8.49,8.49,2.07,2.07,3.91,3.91,1.999522665946201,-100.2,-3.6,2.061846206361829,0.07042253521126761,7.5,7.5,15.8,15.8,11.4,11.4,3.1,3.1,4.0,4.0,-,T,225.0
225,e,35,C,T,O,13.995999999999999,-1.942857142857143,"(False, 0.0)",D,226,78.0,74.56,74.56,23.6,23.6,30.98,30.98,43.57,43.57,50.96,50.96,1.999660370226153,-54.9,125.9,1.7353299548658478,0.4785276073619632,52.2,52.2,55.8,55.8,72.9,72.9,43.5,43.5,50.7,50.7,-,D,226.0
226,e,30,E,E,O,14.574000000000002,-1.9428571428571428,"(False, 0.0)",D,227,70.0,63.48,63.48,21.05,21.05,9.85,9.85,53.63,53.63,42.43,42.43,1.9996419230997542,-134.5,168.7,1.6721011452298435,0.4294478527607362,44.5,44.5,49.8,49.8,23.2,23.2,53.5,53.5,42.2,42.2,-,D,227.0
227,-,5,E,E,O,15.38,-1.542857142857143,"(False, 0.0)",Y,228,214.0,205.2,205.2,33.95,33.95,130.21,130.21,74.99,74.99,171.25,171.25,1.9995084321174397,-102.1,6.4,1.824312446186379,0.9639639639639641,95.8,95.8,88.3,88.3,97.9,97.9,92.4,92.4,97.4,97.4,S,Y,228.0
228,e,30,E,E,O,16.198,-0.9000000000000001,"(False, 0.0)",K,229,167.0,168.2,168.2,35.94,35.94,102.54,102.54,65.65,65.65,132.26,132.26,1.9996124965484223,-115.5,-4.4,1.9230360952928982,0.8146341463414634,82.1,82.1,85.6,85.6,92.3,92.3,69.9,69.9,81.2,81.2,S,K,229.0
229,-,0,E,E,O,18.142,0.24285714285714288,"(False, 0.0)",F,230,93.0,98.38,98.38,19.99,19.99,91.35,91.35,7.03,7.03,78.39,78.39,1.9995250937892253,-163.1,165.0,1.8068081558056563,0.4720812182741117,49.2,49.2,52.0,52.0,55.4,55.4,20.1,20.1,48.6,48.6,-,F,230.0
230,e,25,E,E,O,18.816,0.9999999999999999,"(False, 0.0)",T,231,117.0,109.02,109.02,28.03,28.03,51.05,51.05,57.96,57.96,80.99,80.99,1.9997686013216331,-126.6,134.8,1.848957630598948,0.8239436619718309,77.5,77.5,66.8,66.8,68.6,68.6,87.6,87.6,82.1,82.1,-,T,231.0
231,-,0,E,E,O,17.974,0.6857142857142856,"(False, 0.0)",L,232,74.0,74.0,74.0,15.99,15.99,59.15,59.15,14.86,14.86,58.02,58.02,1.9995768427886695,-95.0,120.6,1.9406422599707218,0.451219512195122,41.2,41.2,40.2,40.2,41.5,41.5,40.0,40.0,41.5,41.5,-,L,232.0
232,e,30,E,E,O,16.904,0.5999999999999999,"(False, 0.0)",I,233,151.0,154.31,154.31,34.62,34.62,122.01,122.01,32.3,32.3,119.68,119.68,1.9995681434766903,-103.2,111.5,1.8545907979870548,0.8934911242603549,87.8,87.8,83.5,83.5,87.9,87.9,87.6,87.6,89.2,89.2,-,I,233.0
233,-,5,E,E,O,16.606,-0.35714285714285715,"(False, 0.0)",A,234,106.0,121.79,121.79,91.35,91.35,46.88,46.88,74.91,74.91,30.44,30.44,1.99938514411293,-89.0,360.0,1.7061772684802838,1.0,112.0,112.0,207.8,207.8,66.0,66.0,198.4,198.4,47.0,47.0,-,A,234.0
234,e,40,E,E,O,15.468,-0.37142857142857144,"(False, 0.0)",Q,235,,,,,,,,,,,,,,,,,,,,,,,,,,,,,
235,e,40,E,E,O,13.081999999999999,-1.0285714285714287,"(False, 0.0)",R,236,,,,,,,,,,,,,,,,,,,,,,,,,,,,,
236,e,55,C,C,O,12.676,-2.314285714285714,"(False, 0.0)",K,237,,,,,,,,,,,,,,,,,,,,,,,,,,,,,
237,e,60,C,T,O,12.642,inf,"(False, 0.0)",S,238,,,,,,,,,,,,,,,,,,,,,,,,,,,,,
238,e,70,C,C,O,inf,inf,"(False, 0.0)",S,239,,,,,,,,,,,,,,,,,,,,,,,,,,,,,
239,e,90,C,C,O,inf,inf,"(False, 0.0)",R,240,,,,,,,,,,,,,,,,,,,,,,,,,,,,,
