,seq_RSA-accpro,seq_RSA-accpro20,seq_SS-sspro,seq_SS-sspro8,seq_TM-tmhmm,seq_bulkiness-window5-biop,seq_kd_hydrophobicity-window7-biop,seq_predicted_carbonylated-carspred,seq_residue,seq_resnum,struct_ASA-dssp,struct_ASA_ALL-freesasa_het,struct_ASA_ALL-freesasa_nohet,struct_ASA_BACKBONE-freesasa_het,struct_ASA_BACKBONE-freesasa_nohet,struct_ASA_NONPOLAR-freesasa_het,struct_ASA_NONPOLAR-freesasa_nohet,struct_ASA_POLAR-freesasa_het,struct_ASA_POLAR-freesasa_nohet,struct_ASA_RESIDUE-freesasa_het,struct_ASA_RESIDUE-freesasa_nohet,struct_CA_DEPTH-msms,struct_PHI-dssp,struct_PSI-dssp,struct_RES_DEPTH-msms,struct_RSA-dssp,struct_RSA_ALL-freesasa_het,struct_RSA_ALL-freesasa_nohet,struct_RSA_BACKBONE-freesasa_het,struct_RSA_BACKBONE-freesasa_nohet,struct_RSA_NONPOLAR-freesasa_het,struct_RSA_NONPOLAR-freesasa_nohet,struct_RSA_POLAR-freesasa_het,struct_RSA_POLAR-freesasa_nohet,struct_RSA_RESIDUE-freesasa_het,struct_RSA_RESIDUE-freesasa_nohet,struct_SS-dssp,struct_residue,struct_resnum
0,e,80,C,C,O,inf,inf,"(False, 0.0)",M,1,151.0,157.51,157.51,53.99,53.99,82.08,82.08,75.43,75.43,103.52,103.52,1.9994270831751937,360.0,146.0,1.8296053571186288,0.8031914893617021,81.6,81.6,128.5,128.5,69.8,69.8,99.9,99.9,68.5,68.5,-,M,1
1,e,70,C,C,O,inf,inf,"(False, 0.0)",R,2,184.0,177.96,177.96,0.66,0.66,56.75,56.75,121.21,121.21,177.29,177.29,2.5962745899180177,-58.7,121.1,2.139073094932193,0.7419354838709677,74.7,74.7,1.6,1.6,77.6,77.6,73.5,73.5,90.4,90.4,-,R,2
2,-,0,C,S,O,14.616,inf,"(False, 0.0)",L,3,1.0,0.84,0.84,0.0,0.0,0.84,0.84,0.0,0.0,0.84,0.84,4.076844553317466,-66.8,-45.4,3.6769998202474814,0.006097560975609756,0.5,0.5,0.0,0.0,0.6,0.6,0.0,0.0,0.6,0.6,S,L,3
3,e,35,H,G,O,14.972,-0.22857142857142868,"(False, 0.0)",S,4,50.0,51.12,51.12,9.17,9.17,36.47,36.47,14.65,14.65,41.95,41.95,2.000165843496808,-52.9,-28.0,1.9728341576059651,0.38461538461538464,43.2,43.2,21.1,21.1,77.7,77.7,20.5,20.5,56.0,56.0,G,S,4
4,e,70,H,G,O,16.076,-0.7285714285714285,"(False, 0.0)",D,5,118.0,108.4,108.4,35.88,35.88,20.01,20.01,88.39,88.39,72.51,72.51,1.999668971109617,-58.2,-27.5,1.6938670299897878,0.7239263803680982,75.9,75.9,84.9,84.9,47.1,47.1,88.2,88.2,72.2,72.2,G,D,5
5,-,10,H,G,O,15.282,-0.5857142857142857,"(False, 0.0)",Y,6,23.0,21.7,21.7,2.73,2.73,10.65,10.65,11.04,11.04,18.97,18.97,1.999613188652304,-92.7,-7.3,2.1442347620351776,0.1036036036036036,10.1,10.1,7.1,7.1,8.0,8.0,13.6,13.6,10.8,10.8,G,Y,6
6,-,10,C,C,O,16.102,-1.2428571428571427,"(False, 0.0)",F,7,21.0,21.18,21.18,14.38,14.38,6.98,6.98,14.21,14.21,6.81,6.81,2.368189706040309,-108.7,106.0,2.9441701107290514,0.1065989847715736,10.6,10.6,37.4,37.4,4.2,4.2,40.7,40.7,4.2,4.2,-,F,7
7,e,30,C,C,O,15.660000000000002,-1.242857142857143,"(False, 0.0)",P,8,45.0,47.72,47.72,37.7,37.7,20.83,20.83,26.89,26.89,10.01,10.01,1.99954649404284,-62.9,-62.2,1.992983268941198,0.3308823529411765,34.8,34.8,137.0,137.0,17.2,17.2,167.1,167.1,9.1,9.1,-,P,8
8,e,85,C,S,O,13.948000000000002,-0.10000000000000002,"(False, 0.0)",E,9,166.0,149.74,149.74,27.76,27.76,49.25,49.25,100.49,100.49,121.98,121.98,1.999406788936371,-174.3,-65.9,1.7809704173639032,0.8556701030927835,86.0,86.0,66.1,66.1,95.3,95.3,82.0,82.0,92.3,92.3,S,E,9
9,e,35,C,T,O,14.268,-0.02857142857142863,"(False, 0.0)",S,10,49.0,50.07,50.07,17.48,17.48,32.26,32.26,17.8,17.8,32.59,32.59,1.999858733448706,-73.3,3.0,1.8773994883433296,0.3769230769230769,42.3,42.3,40.3,40.3,68.7,68.7,24.9,24.9,43.5,43.5,T,S,10
10,-,0,C,T,O,12.675999999999998,0.17142857142857149,"(False, 0.0)",S,11,1.0,1.38,1.38,0.88,0.88,0.08,0.08,1.3,1.3,0.51,0.51,3.322680709118768,-69.2,-4.0,2.90416624760686,0.007692307692307694,1.2,1.2,2.0,2.0,0.2,0.2,1.8,1.8,0.7,0.7,T,S,11
11,-,10,E,E,O,14.276,1.042857142857143,"(False, 0.0)",I,12,23.0,25.42,25.42,8.67,8.67,16.74,16.74,8.67,8.67,16.74,16.74,2.3956450447222206,-126.6,127.1,2.052495009510076,0.13609467455621302,14.5,14.5,20.9,20.9,12.1,12.1,23.5,23.5,12.5,12.5,E,I,12
12,-,15,E,E,O,16.662,1.0857142857142856,"(False, 0.0)",S,13,21.0,22.61,22.61,0.0,0.0,5.11,5.11,17.5,17.5,22.61,22.61,2.3212806434759714,-143.4,145.9,2.5885720705870336,0.16153846153846155,19.1,19.1,0.0,0.0,10.9,10.9,24.5,24.5,30.2,30.2,E,S,13
13,-,20,E,E,O,17.506,1.0857142857142856,"(False, 0.0)",V,14,34.0,38.94,38.94,20.69,20.69,18.33,18.33,20.61,20.61,18.25,18.25,2.509099837541548,-123.9,135.7,2.0424315673794915,0.23943661971830985,25.6,25.6,49.8,49.8,15.9,15.9,55.9,55.9,16.5,16.5,E,V,14
14,-,15,E,E,O,15.12,1.457142857142857,"(False, 0.0)",I,15,29.0,28.71,28.71,6.46,6.46,28.71,28.71,0.0,0.0,22.25,22.25,1.9996211489573683,-138.7,143.1,2.031664807481308,0.17159763313609466,16.3,16.3,15.6,15.6,20.7,20.7,0.0,0.0,16.6,16.6,E,I,15
15,e,60,C,S,O,15.526,0.2571428571428571,"(False, 0.0)",H,16,115.0,117.8,117.8,7.52,7.52,85.78,85.78,32.02,32.02,110.28,110.28,1.9999243124260777,-68.2,-49.3,2.0507538489304866,0.625,64.4,64.4,19.2,19.2,88.4,88.4,37.3,37.3,76.7,76.7,S,H,16
16,e,40,C,C,O,14.354,-0.12857142857142856,"(False, 0.0)",S,17,55.0,50.23,50.23,15.06,15.06,10.76,10.76,39.47,39.47,35.17,35.17,2.5237010163056603,-160.1,145.1,1.8887503096256568,0.4230769230769231,42.4,42.4,34.7,34.7,22.9,22.9,55.3,55.3,46.9,46.9,-,S,17
17,-,0,C,C,O,12.41,-0.8571428571428573,"(False, 0.0)",A,18,5.0,6.26,6.26,6.26,6.26,0.0,0.0,6.26,6.26,0.0,0.0,2.289464950250138,-69.5,150.4,2.3768773197913,0.04716981132075472,5.8,5.8,14.2,14.2,0.0,0.0,16.6,16.6,0.0,0.0,-,A,18
18,e,80,C,S,O,14.006,-2.0,"(False, 0.0)",K,19,170.0,170.04,170.04,37.79,37.79,93.04,93.04,77.0,77.0,132.25,132.25,1.9995440479953337,-60.5,-40.6,1.9087879975005295,0.8292682926829268,83.0,83.0,90.0,90.0,83.7,83.7,82.0,82.0,81.1,81.1,S,K,19
19,e,25,C,S,O,15.001999999999999,-2.042857142857143,"(False, 0.0)",D,20,42.99999999999999,41.82,41.82,4.25,4.25,33.06,33.06,8.76,8.76,37.57,37.57,1.999646318245364,-161.5,178.3,2.098398056397972,0.2638036809815951,29.3,29.3,10.1,10.1,77.8,77.8,8.7,8.7,37.4,37.4,S,D,20
20,e,50,H,H,O,15.416,-1.6714285714285715,"(False, 0.0)",W,21,115.0,114.26,114.26,2.65,2.65,98.32,98.32,15.94,15.94,111.61,111.61,2.444051768976831,-55.6,-32.9,2.2369525668398698,0.5066079295154186,45.9,45.9,6.2,6.2,52.4,52.4,25.9,25.9,54.0,54.0,H,W,21
21,e,35,H,H,O,14.574000000000002,-1.2857142857142858,"(False, 0.0)",Q,22,73.0,70.01,70.01,0.49,0.49,11.04,11.04,58.96,58.96,69.52,69.52,2.7525814403492017,-76.8,-42.7,2.2226124301809174,0.3686868686868687,39.1,39.1,1.2,1.2,23.5,23.5,44.7,44.7,50.8,50.8,H,Q,22
22,e,25,H,H,O,16.518,-1.2285714285714284,"(False, 0.0)",E,23,49.0,44.52,44.52,0.77,0.77,2.97,2.97,41.55,41.55,43.75,43.75,1.9997023073280702,-64.8,-29.1,2.1405383729400818,0.2525773195876289,25.6,25.6,1.8,1.8,5.7,5.7,33.9,33.9,33.1,33.1,H,E,23
23,-,-5,H,H,O,14.52,-0.32857142857142857,"(False, 0.0)",A,24,0.0,0.0,0.0,0.0,0.0,0.0,0.0,0.0,0.0,0.0,0.0,5.658831564806321,-62.8,-40.7,5.5466932308288,0.0,0.0,0.0,0.0,0.0,0.0,0.0,0.0,0.0,0.0,0.0,H,A,24
24,-,0,H,H,O,15.59,-0.31428571428571433,"(False, 0.0)",I,25,1.0,1.53,1.53,0.0,0.0,1.53,1.53,0.0,0.0,1.53,1.53,5.662871310383657,-67.0,-43.5,5.6537816353538535,0.005917159763313609,0.9,0.9,0.0,0.0,1.1,1.1,0.0,0.0,1.1,1.1,H,I,25
25,-,20,H,H,O,14.77,0.457142857142857,"(False, 0.0)",D,26,39.0,35.5,35.5,0.0,0.0,2.21,2.21,33.29,33.29,35.5,35.5,3.357802478670232,-59.1,-47.2,2.644635077195959,0.2392638036809816,24.9,24.9,0.0,0.0,5.2,5.2,33.2,33.2,35.3,35.3,H,D,26
26,e,30,H,H,O,15.719999999999999,1.5571428571428574,"(False, 0.0)",F,27,65.0,70.0,70.0,1.27,1.27,68.73,68.73,1.27,1.27,68.73,68.73,2.9460493525731786,-66.2,-20.9,2.5631075181000162,0.3299492385786802,35.0,35.0,3.3,3.3,41.7,41.7,3.6,3.6,42.6,42.6,H,F,27
27,-,-5,C,T,O,15.754,1.1857142857142855,"(False, 0.0)",S,28,0.0,0.1,0.1,0.1,0.1,0.1,0.1,0.0,0.0,0.0,0.0,5.193484848507212,-79.5,-8.2,5.766004192070607,0.0,0.1,0.1,0.2,0.2,0.2,0.2,0.0,0.0,0.0,0.0,T,S,28
28,-,-5,C,T,O,15.312000000000001,1.0857142857142856,"(False, 0.0)",M,29,0.0,0.06,0.06,0.04,0.04,0.02,0.02,0.04,0.04,0.02,0.02,5.421835096830477,-131.3,-24.7,5.453502057884487,0.0,0.0,0.0,0.1,0.1,0.0,0.0,0.1,0.1,0.0,0.0,T,M,29
29,e,35,H,H,O,15.632,2.1285714285714286,"(False, 0.0)",V,30,54.0,58.6,58.6,0.22,0.22,58.59,58.59,0.01,0.01,58.38,58.38,2.814165142062656,-59.0,-36.9,2.3973885434959437,0.38028169014084506,38.6,38.6,0.5,0.5,50.9,50.9,0.0,0.0,52.9,52.9,H,V,30
30,-,5,H,H,O,18.018,1.2285714285714282,"(False, 0.0)",S,31,10.0,8.99,8.99,2.86,2.86,2.93,2.93,6.06,6.06,6.13,6.13,1.9995375812460776,-66.5,-24.5,2.366740738346575,0.07692307692307693,7.6,7.6,6.6,6.6,6.2,6.2,8.5,8.5,8.2,8.2,H,S,31
31,-,-5,H,H,O,17.104000000000003,0.7857142857142857,"(False, 0.0)",L,32,0.0,0.0,0.0,0.0,0.0,0.0,0.0,0.0,0.0,0.0,0.0,5.384056919516731,-85.2,-41.2,5.12306166224788,0.0,0.0,0.0,0.0,0.0,0.0,0.0,0.0,0.0,0.0,0.0,H,L,32
32,e,25,H,H,O,15.931999999999999,0.014285714285714235,"(False, 0.0)",L,33,49.0,52.31,52.31,8.76,8.76,43.56,43.56,8.76,8.76,43.56,43.56,2.7959015699943506,-58.8,-40.3,2.1691210043112967,0.29878048780487804,29.1,29.1,22.0,22.0,30.6,30.6,23.6,23.6,31.2,31.2,H,L,33
33,e,65,C,T,O,16.601999999999997,-0.7714285714285715,"(False, 0.0)",D,34,110.0,98.69,98.69,32.74,32.74,20.41,20.41,78.28,78.28,65.95,65.95,1.9998121413352796,-62.5,-26.2,1.7273959546578148,0.6748466257668712,69.1,69.1,77.4,77.4,48.0,48.0,78.1,78.1,65.6,65.6,T,D,34
34,e,25,C,T,O,15.928,-0.01428571428571417,"(False, 0.0)",K,35,57.00000000000001,61.73,61.73,6.83,6.83,40.63,40.63,21.1,21.1,54.9,54.9,1.9997036010037272,-108.1,14.7,1.9745359432167504,0.2780487804878049,30.1,30.1,16.3,16.3,36.6,36.6,22.5,22.5,33.7,33.7,T,K,35
35,e,55,C,T,O,15.927999999999997,-0.6714285714285715,"(False, 0.0)",N,36,93.0,85.33,85.33,0.31,0.31,23.59,23.59,61.74,61.74,85.02,85.02,2.410975332032196,45.2,42.0,2.037333186268768,0.5923566878980892,58.8,58.8,0.7,0.7,56.8,56.8,59.7,59.7,82.2,82.2,T,N,36
36,-,20,C,S,O,15.486,-1.7142857142857142,"(False, 0.0)",Y,37,50.0,41.91,41.91,0.0,0.0,7.45,7.45,34.47,34.47,41.91,41.91,4.410270442710504,-64.1,-22.3,3.3051235221864705,0.22522522522522526,19.6,19.6,0.0,0.0,5.6,5.6,42.5,42.5,23.8,23.8,S,Y,37
37,-,0,E,B,O,15.057999999999998,-1.7142857142857142,"(False, 0.0)",I,38,1.0,1.4,1.4,1.4,1.4,0.0,0.0,1.4,1.4,0.0,0.0,3.6076559146151856,-143.4,163.5,3.9479523811307136,0.005917159763313609,0.8,0.8,3.4,3.4,0.0,0.0,3.8,3.8,0.0,0.0,B,I,38
38,e,35,C,C,O,15.057999999999998,-1.342857142857143,"(False, 0.0)",S,39,48.0,43.63,43.63,5.78,5.78,27.44,27.44,16.19,16.19,37.85,37.85,1.999739320874595,-97.6,163.7,2.3183749285232453,0.3692307692307693,36.9,36.9,13.3,13.3,58.4,58.4,22.7,22.7,50.5,50.5,-,S,39
39,e,75,H,H,O,15.057999999999998,-0.19999999999999993,"(False, 0.0)",E,40,154.0,134.08,134.08,6.56,6.56,37.75,37.75,96.33,96.33,127.51,127.51,2.19203750283299,-57.5,-35.5,1.7299155040349865,0.7938144329896907,77.0,77.0,15.6,15.6,73.0,73.0,78.6,78.6,96.5,96.5,H,E,40
40,e,65,H,H,O,15.057999999999998,-0.5142857142857142,"(False, 0.0)",N,41,103.0,94.12,94.12,7.21,7.21,31.1,31.1,63.02,63.02,86.91,86.91,1.9997472394144118,-58.9,-30.6,1.9191160226358832,0.6560509554140127,64.9,64.9,17.4,17.4,74.8,74.8,60.9,60.9,84.0,84.0,H,N,41
41,-,-5,H,H,O,16.054,-0.9,"(False, 0.0)",Y,42,0.0,0.1,0.1,0.0,0.0,0.04,0.04,0.06,0.06,0.1,0.1,4.4270266504444615,-59.7,-45.1,5.0434793828571065,0.0,0.0,0.0,0.0,0.0,0.0,0.0,0.1,0.1,0.1,0.1,H,Y,42
42,-,0,H,H,O,15.64,-0.14285714285714285,"(False, 0.0)",I,43,5.0,7.59,7.59,0.0,0.0,7.59,7.59,0.0,0.0,7.59,7.59,2.8805860151504623,-64.1,-47.3,2.5492974923699414,0.02958579881656805,4.3,4.3,0.0,0.0,5.5,5.5,0.0,0.0,5.7,5.7,H,I,43
43,e,45,H,H,O,17.356,-0.20000000000000004,"(False, 0.0)",Q,44,90.0,88.34,88.34,0.52,0.52,44.16,44.16,44.18,44.18,87.82,87.82,2.347418231948152,-64.7,-31.0,1.8417047534441064,0.4545454545454545,49.4,49.4,1.2,1.2,94.0,94.0,33.5,33.5,64.2,64.2,H,Q,44
44,-,15,H,H,O,16.892,-0.1999999999999999,"(False, 0.0)",A,45,21.0,26.69,26.69,10.71,10.71,25.24,25.24,1.44,1.44,15.98,15.98,1.9997094886169289,-60.6,-42.2,1.767694890046045,0.19811320754716985,24.5,24.5,24.4,24.4,35.5,35.5,3.8,3.8,24.7,24.7,H,A,45
45,-,0,H,H,O,14.948000000000002,-0.1285714285714285,"(False, 0.0)",I,46,6.0,7.95,7.95,0.53,0.53,7.95,7.95,0.0,0.0,7.42,7.42,1.999979076039595,-67.1,-46.3,2.967393633419676,0.035502958579881665,4.5,4.5,1.3,1.3,5.7,5.7,0.0,0.0,5.5,5.5,H,I,46
46,-,10,H,H,O,13.951999999999998,-0.8714285714285713,"(False, 0.0)",K,47,28.000000000000004,31.97,31.97,1.0,1.0,1.5,1.5,30.47,30.47,30.97,30.97,3.944955972007629,-58.5,-49.3,3.1056983992054468,0.13658536585365855,15.6,15.6,2.4,2.4,1.4,1.4,32.5,32.5,19.0,19.0,H,K,47
47,e,50,H,H,O,14.806000000000001,0.27142857142857135,"(False, 0.0)",D,48,88.0,77.33,77.33,0.7,0.7,15.13,15.13,62.21,62.21,76.63,76.63,1.9997985493561063,-62.9,-41.7,1.9733826601387336,0.5398773006134969,54.2,54.2,1.7,1.7,35.6,35.6,62.0,62.0,76.3,76.3,H,D,48
48,-,15,H,H,O,14.806000000000001,-0.48571428571428577,"(False, 0.0)",S,49,22.0,23.28,23.28,4.92,4.92,7.98,7.98,15.3,15.3,18.36,18.36,1.9998164682636177,-64.7,-40.9,1.9901810293979272,0.16923076923076924,19.7,19.7,11.3,11.3,17.0,17.0,21.4,21.4,24.5,24.5,H,S,49
49,-,0,H,H,O,14.228,-1.6285714285714283,"(False, 0.0)",T,50,5.0,5.39,5.39,1.21,1.21,3.61,3.61,1.78,1.78,4.17,4.17,3.7512177167501872,-61.7,-44.5,3.6648105342074437,0.035211267605633804,3.8,3.8,2.9,2.9,4.9,4.9,2.7,2.7,4.2,4.2,H,T,50
50,e,55,H,H,O,14.456,-1.1285714285714283,"(False, 0.0)",I,51,98.0,105.12,105.12,23.94,23.94,82.77,82.77,22.35,22.35,81.18,81.18,1.9996082905671413,-65.3,-42.1,2.1143939003885057,0.5798816568047337,59.8,59.8,57.7,57.7,59.6,59.6,60.6,60.6,60.5,60.5,H,I,51
51,e,75,H,H,O,13.242,-0.8571428571428571,"(False, 0.0)",N,52,120.0,112.77,112.77,38.28,38.28,24.3,24.3,88.46,88.46,74.49,74.49,1.9996021546552905,-69.9,-34.0,1.8073549007844287,0.7643312101910829,77.8,77.8,92.2,92.2,58.5,58.5,85.5,85.5,72.0,72.0,H,N,52
52,e,80,C,T,O,13.574000000000002,-0.9285714285714286,"(False, 0.0)",N,53,132.0,123.85,123.85,29.64,29.64,29.76,29.76,94.09,94.09,94.21,94.21,1.9995467329543373,-140.6,-57.4,1.7586408570436058,0.8407643312101911,85.4,85.4,71.4,71.4,71.6,71.6,90.9,90.9,91.0,91.0,T,N,53
53,-,5,C,C,O,12.9,-1.0142857142857142,"(False, 0.0)",G,54,7.0,6.6,6.6,6.6,6.6,6.26,6.26,0.33,0.33,0.0,0.0,1.9997417178160624,153.4,172.8,2.00708933881317,0.08333333333333333,8.1,8.1,8.1,8.1,17.2,17.2,0.7,0.7,inf,inf,-,G,54
54,-,15,C,C,O,13.942000000000002,-1.0142857142857142,"(False, 0.0)",P,55,24.0,26.17,26.17,15.9,15.9,12.29,12.29,13.88,13.88,10.27,10.27,2.8045773717769995,-64.0,128.9,2.199961617060737,0.17647058823529413,19.1,19.1,57.8,57.8,10.1,10.1,86.3,86.3,9.4,9.4,-,P,55
55,e,60,C,S,O,15.657999999999998,0.02857142857142844,"(False, 0.0)",Y,56,144.0,138.26,138.26,34.95,34.95,76.75,76.75,61.51,61.51,103.31,103.31,1.9998584253443232,-65.0,-48.4,1.8726726490927397,0.6486486486486487,64.6,64.6,91.0,91.0,57.7,57.7,75.8,75.8,58.8,58.8,S,Y,56
56,e,35,C,C,O,19.258,0.7857142857142857,"(False, 0.0)",Y,57,80.0,77.61,77.61,6.49,6.49,48.1,48.1,29.51,29.51,71.12,71.12,1.9999928852108064,-112.5,88.6,2.103075869487603,0.3603603603603603,36.2,36.2,16.9,16.9,36.1,36.1,36.4,36.4,40.5,40.5,-,Y,57
57,e,30,E,E,O,18.072000000000003,0.6142857142857142,"(False, 0.0)",I,58,51.0,57.41,57.41,25.04,25.04,32.37,32.37,25.04,25.04,32.37,32.37,2.3534350676371814,-112.6,131.1,2.04132564185453,0.3017751479289941,32.7,32.7,60.4,60.4,23.3,23.3,68.0,68.0,24.1,24.1,E,I,58
58,e,40,E,E,O,17.951999999999998,0.7857142857142856,"(False, 0.0)",L,59,72.0,72.93,72.93,34.74,34.74,42.79,42.79,30.13,30.13,38.18,38.18,1.9999150100236067,-116.7,-27.2,2.035639345111894,0.4390243902439024,40.6,40.6,87.3,87.3,30.1,30.1,81.1,81.1,27.3,27.3,E,L,59
59,-,20,E,E,O,15.026,1.5714285714285714,"(False, 0.0)",A,60,23.0,22.74,22.74,7.0,7.0,22.52,22.52,0.22,0.22,15.74,15.74,1.9994746879586016,-157.1,161.4,1.9602023700365838,0.2169811320754717,20.9,20.9,15.9,15.9,31.7,31.7,0.6,0.6,24.3,24.3,E,A,60
60,e,70,C,T,O,15.059999999999999,2.0142857142857147,"(False, 0.0)",P,61,99.0,105.54,105.54,17.97,17.97,93.22,93.22,12.32,12.32,87.57,87.57,1.9995754797526355,-47.9,115.6,1.8766628974559871,0.7279411764705882,76.9,76.9,65.3,65.3,77.0,77.0,76.6,76.6,79.8,79.8,T,P,61
61,-,5,C,T,O,13.080000000000002,1.6428571428571426,"(False, 0.0)",G,62,5.0,5.28,5.28,5.28,5.28,5.24,5.24,0.04,0.04,0.0,0.0,1.999385211073744,90.5,3.7,2.455723747021203,0.05952380952380953,6.5,6.5,6.5,6.5,14.4,14.4,0.1,0.1,inf,inf,T,G,62
62,-,0,E,E,O,14.030000000000001,0.8714285714285713,"(False, 0.0)",V,63,1.0,0.5,0.5,0.0,0.0,0.5,0.5,0.0,0.0,0.5,0.5,4.253713128586655,-129.9,127.3,3.7960318684843055,0.007042253521126761,0.3,0.3,0.0,0.0,0.4,0.4,0.0,0.0,0.5,0.5,E,V,63
63,-,0,E,E,O,14.030000000000001,0.157142857142857,"(False, 0.0)",A,64,3.0,2.21,2.21,0.25,0.25,1.96,1.96,0.25,0.25,1.96,1.96,6.182603396861129,-133.3,168.8,6.240614234049468,0.02830188679245283,2.0,2.0,0.6,0.6,2.8,2.8,0.7,0.7,3.0,3.0,E,A,64
64,-,5,C,C,O,16.088,0.6428571428571429,"(False, 0.0)",M,65,11.0,9.44,9.44,0.77,0.77,8.9,8.9,0.54,0.54,8.66,8.66,4.930831290404484,-141.0,73.3,4.0218601075445575,0.058510638297872335,4.9,4.9,1.8,1.8,7.6,7.6,0.7,0.7,5.7,5.7,-,M,65
65,-,5,C,C,O,14.074000000000002,0.05714285714285713,"(False, 0.0)",P,66,9.0,9.61,9.61,6.47,6.47,9.07,9.07,0.53,0.53,3.14,3.14,4.874161456486687,-50.4,122.7,5.749427424183938,0.0661764705882353,7.0,7.0,23.5,23.5,7.5,7.5,3.3,3.3,2.9,2.9,-,P,66
66,-,5,C,C,O,14.63,-0.7714285714285715,"(False, 0.0)",H,67,10.0,10.38,10.38,5.28,5.28,3.22,3.22,7.17,7.17,5.1,5.1,2.9829738648689563,-163.4,155.1,2.481920972289064,0.05434782608695652,5.7,5.7,13.5,13.5,3.3,3.3,8.3,8.3,3.5,3.5,-,H,67
67,-,5,C,C,O,14.866,-1.5285714285714285,"(False, 0.0)",A,68,10.0,11.2,11.2,6.7,6.7,10.89,10.89,0.31,0.31,4.5,4.5,1.9994789509448898,-138.6,165.9,2.196920323083435,0.09433962264150944,10.3,10.3,15.2,15.2,15.3,15.3,0.8,0.8,6.9,6.9,-,A,68
68,e,70,C,C,O,14.094,-1.442857142857143,"(False, 0.0)",R,69,180.0,173.31,173.31,1.31,1.31,44.99,44.99,128.32,128.32,172.0,172.0,1.9998668389461047,-60.6,153.2,2.1543786488521306,0.7258064516129032,72.8,72.8,3.1,3.1,61.5,61.5,77.8,77.8,87.7,87.7,-,R,69
69,-,20,H,G,O,14.048000000000002,-1.2714285714285716,"(False, 0.0)",P,70,30.0,30.9,30.9,3.55,3.55,28.22,28.22,2.68,2.68,27.34,27.34,2.43010917151704,-46.9,-46.8,2.0284980632571887,0.22058823529411764,22.5,22.5,12.9,12.9,23.3,23.3,16.7,16.7,24.9,24.9,G,P,70
70,e,85,H,G,O,12.428,-0.5571428571428572,"(False, 0.0)",E,71,173.0,157.99,157.99,40.6,40.6,49.83,49.83,108.17,108.17,117.4,117.4,1.9994700674018964,-67.0,-11.0,1.7220874637440755,0.8917525773195877,90.7,90.7,96.7,96.7,96.4,96.4,88.3,88.3,88.8,88.8,G,E,71
71,e,25,H,G,O,11.872,-0.27142857142857146,"(False, 0.0)",C,72,37.0,36.31,36.31,6.83,6.83,6.47,6.47,29.84,29.84,29.48,29.48,1.9996984202460928,-74.4,-11.6,1.832732711504432,0.2740740740740741,27.5,27.5,16.1,16.1,16.4,16.4,32.2,32.2,32.9,32.9,G,C,72
72,-,15,C,T,O,12.666,-0.18571428571428575,"(False, 0.0)",G,73,16.0,17.19,17.19,17.19,17.19,17.19,17.19,0.0,0.0,0.0,0.0,1.9996584748875688,136.4,24.2,2.2404932344265496,0.19047619047619047,21.2,21.2,21.2,21.2,47.2,47.2,0.0,0.0,inf,inf,T,G,73
73,-,10,E,B,O,13.094,-0.0571428571428571,"(False, 0.0)",A,74,15.0,15.42,15.42,15.42,15.42,0.0,0.0,15.42,15.42,0.0,0.0,2.7056129942538685,-74.3,155.4,2.1971940283125684,0.14150943396226415,14.2,14.2,35.1,35.1,0.0,0.0,40.8,40.8,0.0,0.0,B,A,74
74,e,50,C,C,O,13.556000000000001,0.38571428571428573,"(False, 0.0)",L,75,89.0,95.46,95.46,26.6,26.6,73.71,73.71,21.75,21.75,68.85,68.85,1.9996265927739318,-132.9,-25.8,2.031216932545434,0.5426829268292683,53.2,53.2,66.9,66.9,51.8,51.8,58.5,58.5,49.3,49.3,-,L,75
75,e,40,C,S,O,13.556000000000001,0.3,"(False, 0.0)",K,76,83.0,85.78,85.78,4.46,4.46,56.29,56.29,29.5,29.5,81.32,81.32,1.9995218325484585,-145.9,-168.7,2.2170663689855883,0.40487804878048783,41.9,41.9,10.6,10.6,50.7,50.7,31.4,31.4,49.9,49.9,S,K,76
76,e,25,C,C,O,14.506,0.2428571428571428,"(False, 0.0)",T,77,41.0,40.14,40.14,17.87,17.87,18.87,18.87,21.28,21.28,22.27,22.27,2.328268807564559,-125.5,126.8,1.8822053876755287,0.2887323943661972,28.6,28.6,42.6,42.6,25.3,25.3,32.2,32.2,22.6,22.6,-,T,77
77,-,-5,E,E,O,12.12,0.5285714285714286,"(False, 0.0)",G,78,0.0,0.31,0.31,0.31,0.31,0.31,0.31,0.0,0.0,0.0,0.0,1.999668427198194,-172.4,-176.2,3.0815732897225185,0.0,0.4,0.4,0.4,0.4,0.8,0.8,0.0,0.0,inf,inf,E,G,78
78,-,-5,E,E,O,13.258000000000001,-0.11428571428571432,"(False, 0.0)",M,79,0.0,0.0,0.0,0.0,0.0,0.0,0.0,0.0,0.0,0.0,0.0,4.563756787122725,-143.7,168.5,4.958765476259929,0.0,0.0,0.0,0.0,0.0,0.0,0.0,0.0,0.0,0.0,0.0,E,M,79
79,-,-5,E,E,O,13.258,0.9857142857142857,"(False, 0.0)",S,80,0.0,0.54,0.54,0.0,0.0,0.54,0.54,0.0,0.0,0.54,0.54,6.144803503998547,-138.2,168.7,6.30599938199412,0.0,0.5,0.5,0.0,0.0,1.1,1.1,0.0,0.0,0.7,0.7,E,S,80
80,-,-5,E,E,O,16.857999999999997,1.6285714285714283,"(False, 0.0)",L,81,0.0,0.04,0.04,0.04,0.04,0.04,0.04,0.0,0.0,0.0,0.0,6.851837903961452,-151.4,120.8,6.298927093551736,0.0,0.0,0.0,0.1,0.1,0.0,0.0,0.0,0.0,0.0,0.0,E,L,81
81,-,-5,E,E,O,17.887999999999998,1.1857142857142857,"(False, 0.0)",T,82,0.0,1.21,1.21,0.0,0.0,0.0,0.0,1.21,1.21,1.21,1.21,5.4673684842995804,-136.2,129.0,5.5042256932362745,0.0,0.9,0.9,0.0,0.0,0.0,0.0,1.8,1.8,1.2,1.2,E,T,82
82,-,0,E,E,O,18.708,0.4142857142857142,"(False, 0.0)",L,83,4.0,4.15,4.15,0.0,0.0,4.15,4.15,0.0,0.0,4.15,4.15,4.9793300972309655,-117.6,136.7,3.9734788455966097,0.024390243902439025,2.3,2.3,0.0,0.0,2.9,2.9,0.0,0.0,3.0,3.0,E,L,83
83,-,-5,E,E,O,17.318,0.47142857142857136,"(False, 0.0)",L,84,0.0,0.04,0.04,0.0,0.0,0.04,0.04,0.0,0.0,0.04,0.04,4.395100461295665,-115.5,116.2,4.6235839993743015,0.0,0.0,0.0,0.0,0.0,0.0,0.0,0.0,0.0,0.0,0.0,E,L,84
84,e,50,E,E,O,14.844,0.5285714285714286,"(False, 0.0)",E,85,99.0,92.0,92.0,12.66,12.66,21.71,21.71,70.29,70.29,79.35,79.35,1.9996849566409505,-59.4,-39.9,1.8421279609814745,0.5103092783505154,52.8,52.8,30.1,30.1,42.0,42.0,57.4,57.4,60.0,60.0,E,E,85
85,e,65,E,E,O,14.878,0.4428571428571428,"(False, 0.0)",Q,86,129.0,119.56,119.56,28.12,28.12,36.6,36.6,82.97,82.97,91.45,91.45,2.00012815149776,-102.4,-2.3,1.8209083134475328,0.6515151515151515,66.9,66.9,66.9,66.9,77.9,77.9,62.9,62.9,66.8,66.8,E,Q,86
86,-,5,E,E,O,14.204000000000002,0.3,"(False, 0.0)",G,87,6.0,5.69,5.69,5.69,5.69,0.0,0.0,5.69,5.69,0.0,0.0,2.5423051241015617,65.8,-175.0,2.032711379898508,0.07142857142857142,7.0,7.0,7.0,7.0,0.0,0.0,12.7,12.7,inf,inf,E,G,87
87,-,15,E,E,O,15.45,-0.4714285714285714,"(False, 0.0)",V,88,26.0,26.73,26.73,4.69,4.69,26.73,26.73,0.0,0.0,22.05,22.05,1.9998108078623125,-150.6,149.0,2.37111285109332,0.18309859154929575,17.6,17.6,11.3,11.3,23.2,23.2,0.0,0.0,20.0,20.0,E,V,88
88,e,50,C,C,O,16.046,-0.02857142857142863,"(False, 0.0)",Y,89,121.0,112.58,112.58,7.77,7.77,79.72,79.72,32.86,32.86,104.81,104.81,2.3271598617829903,-86.7,119.3,1.8513636819186443,0.545045045045045,52.6,52.6,20.2,20.2,59.9,59.9,40.5,40.5,59.6,59.6,-,Y,89
89,-,0,C,C,O,16.046,-0.0285714285714286,"(False, 0.0)",F,90,3.0,2.29,2.29,0.0,0.0,2.29,2.29,0.0,0.0,2.29,2.29,3.911904142215637,-85.9,144.3,4.656235742831727,0.015228426395939087,1.1,1.1,0.0,0.0,1.4,1.4,0.0,0.0,1.4,1.4,-,F,90
90,-,20,C,T,O,14.295999999999998,-0.4714285714285714,"(False, 0.0)",P,91,28.0,29.03,29.03,3.98,3.98,29.02,29.02,0.02,0.02,25.06,25.06,1.9997840264630744,-66.1,137.0,2.2064462233416746,0.2058823529411765,21.2,21.2,14.5,14.5,24.0,24.0,0.1,0.1,22.8,22.8,T,P,91
91,e,90,C,T,O,13.026000000000002,-1.5714285714285714,"(False, 0.0)",G,92,76.0,76.35,76.35,76.35,76.35,33.72,33.72,42.63,42.63,0.0,0.0,1.9994820762610241,74.8,-7.5,1.7095462050510268,0.9047619047619048,94.2,94.2,94.2,94.2,92.5,92.5,95.5,95.5,inf,inf,T,G,92
92,-,15,C,C,O,11.78,-1.6142857142857143,"(False, 0.0)",N,93,28.0,23.47,23.47,9.38,9.38,4.01,4.01,19.46,19.46,14.09,14.09,1.9998028601761515,-76.3,162.4,1.8643253734329737,0.17834394904458598,16.2,16.2,22.6,22.6,9.7,9.7,18.8,18.8,13.6,13.6,-,N,93
93,e,80,C,S,O,11.78,-1.3714285714285714,"(False, 0.0)",D,94,136.0,130.32,130.32,25.51,25.51,40.5,40.5,89.82,89.82,104.8,104.8,1.9997675887723687,-77.7,-26.5,1.7253440038451515,0.8343558282208589,91.3,91.3,60.3,60.3,95.3,95.3,89.6,89.6,104.3,104.3,S,D,94
94,e,35,C,S,O,15.38,-1.6999999999999997,"(False, 0.0)",E,95,75.0,65.21,65.21,1.02,1.02,17.06,17.06,48.15,48.15,64.19,64.19,1.999776294320324,-156.5,169.2,2.165753223265325,0.3865979381443299,37.4,37.4,2.4,2.4,33.0,33.0,39.3,39.3,48.6,48.6,S,E,95
95,e,40,C,C,O,15.957999999999998,-1.1,"(False, 0.0)",P,96,56.0,58.17,58.17,2.63,2.63,55.54,55.54,2.63,2.63,55.54,55.54,3.1373231276913565,-71.3,146.8,2.1974842919748108,0.4117647058823529,42.4,42.4,9.6,9.6,45.9,45.9,16.4,16.4,50.6,50.6,-,P,96
96,-,-5,E,E,O,17.901999999999997,-0.0571428571428572,"(False, 0.0)",I,97,0.0,0.05,0.05,0.02,0.02,0.03,0.03,0.02,0.02,0.03,0.03,3.1655594832575376,-88.4,135.7,3.8821460661621634,0.0,0.0,0.0,0.1,0.1,0.0,0.0,0.1,0.1,0.0,0.0,E,I,97
97,e,35,E,E,O,19.468,1.0857142857142856,"(False, 0.0)",K,98,75.0,73.06,73.06,0.0,0.0,35.3,35.3,37.77,37.77,73.06,73.06,3.0931243086217033,-109.9,-25.0,2.7403090117576605,0.36585365853658536,35.6,35.6,0.0,0.0,31.8,31.8,40.2,40.2,44.8,44.8,E,K,98
98,-,-5,E,E,O,20.262,1.5285714285714285,"(False, 0.0)",L,99,0.0,0.27,0.27,0.0,0.0,0.27,0.27,0.0,0.0,0.27,0.27,5.301261165349722,-128.0,126.5,5.553473421065432,0.0,0.1,0.1,0.0,0.0,0.2,0.2,0.0,0.0,0.2,0.2,E,L,99
99,-,-5,E,E,O,16.662,2.3000000000000003,"(False, 0.0)",L,100,0.0,0.07,0.07,0.07,0.07,0.0,0.0,0.07,0.07,0.0,0.0,8.55891124070368,-133.3,139.3,8.348098476930494,0.0,0.0,0.0,0.2,0.2,0.0,0.0,0.2,0.2,0.0,0.0,E,L,100
100,-,0,E,E,O,17.8,1.5428571428571427,"(False, 0.0)",I,101,1.0,0.53,0.53,0.04,0.04,0.49,0.49,0.04,0.04,0.49,0.49,7.7637545336126506,-125.5,123.6,7.302676026445752,0.005917159763313609,0.3,0.3,0.1,0.1,0.4,0.4,0.1,0.1,0.4,0.4,E,I,101
101,-,-5,E,E,O,15.413999999999998,2.357142857142857,"(False, 0.0)",G,102,0.0,0.12,0.12,0.12,0.12,0.0,0.0,0.12,0.12,0.0,0.0,8.71920337343737,-81.0,155.5,8.385131883941947,0.0,0.1,0.1,0.1,0.1,0.0,0.0,0.3,0.3,inf,inf,E,G,102
102,-,-5,E,E,O,13.433999999999997,2.0714285714285716,"(False, 0.0)",L,103,0.0,0.0,0.0,0.0,0.0,0.0,0.0,0.0,0.0,0.0,0.0,7.573323463537736,-150.0,138.7,6.579933183375021,0.0,0.0,0.0,0.0,0.0,0.0,0.0,0.0,0.0,0.0,0.0,E,L,103
103,-,-5,E,E,O,11.453999999999999,1.0285714285714287,"(False, 0.0)",S,104,0.0,0.0,0.0,0.0,0.0,0.0,0.0,0.0,0.0,0.0,0.0,6.828886566107498,-139.1,155.5,6.144999007273875,0.0,0.0,0.0,0.0,0.0,0.0,0.0,0.0,0.0,0.0,0.0,E,S,104
104,-,0,C,C,O,13.11,0.6428571428571429,"(False, 0.0)",A,105,1.0,0.73,0.73,0.73,0.73,0.0,0.0,0.73,0.73,0.0,0.0,4.435305689811791,-150.6,140.8,3.8962408699415065,0.009433962264150943,0.7,0.7,1.7,1.7,0.0,0.0,1.9,1.9,0.0,0.0,-,A,105
105,e,50,C,S,O,11.129999999999999,0.19999999999999998,"(False, 0.0)",A,106,57.0,59.07,59.07,26.21,26.21,34.13,34.13,24.94,24.94,32.86,32.86,1.9996971372362429,-76.2,-17.0,2.1007789836786706,0.5377358490566038,54.3,54.3,59.6,59.6,48.1,48.1,66.1,66.1,50.7,50.7,S,A,106
106,e,50,C,S,O,11.572,-0.45714285714285713,"(False, 0.0)",D,107,89.0,78.11,78.11,3.09,3.09,23.77,23.77,54.34,54.34,75.02,75.02,1.9999490689325756,-154.4,154.8,2.109168329874941,0.5460122699386503,54.7,54.7,7.3,7.3,55.9,55.9,54.2,54.2,74.7,74.7,S,D,107
107,e,55,H,H,O,11.166,-0.8,"(False, 0.0)",A,108,61.0,64.54,64.54,3.07,3.07,62.23,62.23,2.31,2.31,61.47,61.47,1.9995734988584868,-59.5,-35.4,1.8567565022274173,0.5754716981132075,59.3,59.3,7.0,7.0,87.6,87.6,6.1,6.1,94.9,94.9,H,A,108
108,e,70,H,H,O,11.604,-0.4142857142857143,"(False, 0.0)",D,109,121.0,109.75,109.75,6.87,6.87,30.59,30.59,79.17,79.17,102.89,102.89,1.9995997814208288,-70.5,-38.6,1.7123498925055096,0.7423312883435583,76.9,76.9,16.2,16.2,72.0,72.0,79.0,79.0,102.4,102.4,H,D,109
109,e,30,H,H,O,13.547999999999998,-0.7285714285714286,"(False, 0.0)",S,110,42.0,39.13,39.13,9.29,9.29,13.55,13.55,25.58,25.58,29.84,29.84,1.9996572156484835,-63.6,-38.2,1.973412968833242,0.3230769230769231,33.1,33.1,21.4,21.4,28.9,28.9,35.8,35.8,39.8,39.8,H,S,110
110,-,15,H,H,O,11.927999999999999,0.0285714285714286,"(False, 0.0)",H,111,34.0,33.01,33.01,0.0,0.0,12.72,12.72,20.28,20.28,33.01,33.01,3.9560102382821913,-59.4,-49.2,2.718263940511306,0.18478260869565216,18.0,18.0,0.0,0.0,13.1,13.1,23.6,23.6,22.9,22.9,H,H,111
111,e,50,H,H,O,11.892,0.41428571428571426,"(False, 0.0)",I,112,90.00000000000001,98.66,98.66,0.0,0.0,98.66,98.66,0.0,0.0,98.66,98.66,2.9147139935980984,-59.0,-46.1,2.3885560770035283,0.5325443786982249,56.1,56.1,0.0,0.0,71.0,71.0,0.0,0.0,73.5,73.5,H,I,112
112,e,30,H,H,O,14.278,0.41428571428571426,"(False, 0.0)",G,113,28.0,29.44,29.44,29.44,29.44,27.78,27.78,1.66,1.66,0.0,0.0,1.9996843937569204,-59.1,-46.6,1.8069206037714018,0.3333333333333333,36.3,36.3,36.3,36.3,76.2,76.2,3.7,3.7,inf,inf,H,G,113
113,-,-5,H,H,O,14.429999999999998,0.7857142857142856,"(False, 0.0)",A,114,0.0,0.0,0.0,0.0,0.0,0.0,0.0,0.0,0.0,0.0,0.0,3.3156916468256536,-62.1,-46.4,3.495232152763643,0.0,0.0,0.0,0.0,0.0,0.0,0.0,0.0,0.0,0.0,0.0,H,A,114
114,-,15,H,H,O,12.45,1.785714285714286,"(False, 0.0)",I,115,29.0,32.57,32.57,0.0,0.0,32.57,32.57,0.0,0.0,32.57,32.57,3.578233293047504,-56.6,-51.9,2.8524026642879075,0.17159763313609466,18.5,18.5,0.0,0.0,23.5,23.5,0.0,0.0,24.3,24.3,H,I,115
115,e,60,H,H,O,16.05,1.0285714285714285,"(False, 0.0)",Q,116,127.0,117.29,117.29,6.67,6.67,34.82,34.82,82.48,82.48,110.63,110.63,2.365080167689125,-59.1,-33.9,2.0015330849109705,0.6414141414141414,65.6,65.6,15.9,15.9,74.1,74.1,62.6,62.6,80.8,80.8,H,Q,116
116,-,0,H,H,O,15.644,0.5857142857142856,"(False, 0.0)",A,117,1.0,0.85,0.85,0.85,0.85,0.64,0.64,0.21,0.21,0.0,0.0,1.9996251400065643,-64.9,-56.3,2.5312869898222403,0.009433962264150943,0.8,0.8,1.9,1.9,0.9,0.9,0.5,0.5,0.0,0.0,H,A,117
117,-,0,H,H,O,14.077999999999998,0.8714285714285716,"(False, 0.0)",L,118,1.0,1.81,1.81,0.0,0.0,1.81,1.81,0.0,0.0,1.81,1.81,3.9352431435544393,-71.3,-17.4,3.4745244168347043,0.006097560975609756,1.0,1.0,0.0,0.0,1.3,1.3,0.0,0.0,1.3,1.3,H,L,118
118,-,20,H,H,O,15.468,0.7714285714285714,"(False, 0.0)",S,119,31.0,30.53,30.53,2.63,2.63,15.73,15.73,14.8,14.8,27.9,27.9,1.9999674172889743,-60.1,-27.3,1.8656504259950832,0.2384615384615385,25.8,25.8,6.1,6.1,33.5,33.5,20.7,20.7,37.2,37.2,H,S,119
119,e,60,H,H,O,17.447999999999997,1.6285714285714283,"(False, 0.0)",E,120,121.0,108.27,108.27,7.63,7.63,22.55,22.55,85.72,85.72,100.64,100.64,1.9995383207346051,-65.1,-12.3,1.8117716128448496,0.6237113402061856,62.2,62.2,18.2,18.2,43.6,43.6,70.0,70.0,76.1,76.1,H,E,120
120,-,0,H,H,O,15.86,0.8714285714285713,"(False, 0.0)",L,121,5.0,5.48,5.48,0.0,0.0,5.48,5.48,0.0,0.0,5.48,5.48,3.246236975268364,-111.8,-51.5,3.5007875167451235,0.03048780487804878,3.1,3.1,0.0,0.0,3.8,3.8,0.0,0.0,3.9,3.9,H,L,121
121,-,0,H,H,O,16.68,-0.17142857142857157,"(False, 0.0)",L,122,5.0,3.85,3.85,2.56,2.56,1.29,1.29,2.56,2.56,1.29,1.29,3.1391109814397766,-73.5,-19.9,2.610027102329336,0.03048780487804878,2.1,2.1,6.4,6.4,0.9,0.9,6.9,6.9,0.9,0.9,H,L,122
122,e,60,C,T,O,16.68,-0.5571428571428572,"(False, 0.0)",C,123,83.0,84.07,84.07,29.18,29.18,34.67,34.67,49.4,49.4,54.89,54.89,1.9997221948520056,-109.0,21.0,1.8984941524391212,0.6148148148148148,63.6,63.6,68.6,68.6,87.8,87.8,53.3,53.3,61.2,61.2,T,C,123
123,e,45,C,C,O,15.113999999999999,0.585714285714286,"(False, 0.0)",E,124,89.0,83.59,83.59,0.93,0.93,14.86,14.86,68.73,68.73,82.65,82.65,1.999539880197995,-128.0,100.0,1.9845021285769808,0.4587628865979381,48.0,48.0,2.2,2.2,28.7,28.7,56.1,56.1,62.5,62.5,-,E,124
124,e,75,H,H,O,15.113999999999999,0.5857142857142856,"(False, 0.0)",E,125,147.0,136.02,136.02,4.49,4.49,42.88,42.88,93.14,93.14,131.53,131.53,1.999811188746156,-57.4,-28.6,1.761672391741843,0.7577319587628866,78.1,78.1,10.7,10.7,82.9,82.9,76.0,76.0,99.5,99.5,H,E,125
125,e,65,H,H,O,16.701999999999998,-0.4571428571428572,"(False, 0.0)",E,126,132.0,119.96,119.96,4.29,4.29,35.37,35.37,84.59,84.59,115.66,115.66,1.9997393483487442,-64.3,-39.2,1.8151187161914544,0.6804123711340206,68.9,68.9,10.2,10.2,68.4,68.4,69.1,69.1,87.5,87.5,H,E,126
126,-,15,H,H,O,16.701999999999998,-1.3142857142857143,"(False, 0.0)",I,127,29.0,29.73,29.73,0.0,0.0,29.73,29.73,0.0,0.0,29.73,29.73,3.8713551396923647,-74.7,-40.3,3.3659814845076754,0.17159763313609466,16.9,16.9,0.0,0.0,21.4,21.4,0.0,0.0,22.2,22.2,H,I,127
127,-,10,H,H,O,16.877999999999997,-0.27142857142857146,"(False, 0.0)",L,128,19.0,16.8,16.8,0.0,0.0,16.8,16.8,0.0,0.0,16.8,16.8,2.8563563365543283,-57.7,-43.9,2.7282489754853145,0.11585365853658534,9.4,9.4,0.0,0.0,11.8,11.8,0.0,0.0,12.0,12.0,H,L,128
128,e,65,H,H,O,18.444,0.7714285714285717,"(False, 0.0)",E,129,127.0,117.41,117.41,1.06,1.06,41.02,41.02,76.4,76.4,116.35,116.35,1.9997028456883672,-57.8,-51.4,1.8304387073815491,0.6546391752577321,67.4,67.4,2.5,2.5,79.3,79.3,62.4,62.4,88.0,88.0,H,E,129
129,e,30,H,H,O,18.444,1.1714285714285713,"(False, 0.0)",Q,130,63.0,59.69,59.69,0.32,0.32,28.36,28.36,31.33,31.33,59.37,59.37,1.999489075772328,-65.0,-33.4,2.0734085381236635,0.3181818181818182,33.4,33.4,0.8,0.8,60.4,60.4,23.8,23.8,43.4,43.4,H,Q,130
130,-,-5,H,H,O,17.318,0.7857142857142856,"(False, 0.0)",L,131,0.0,0.0,0.0,0.0,0.0,0.0,0.0,0.0,0.0,0.0,0.0,4.9248808112532805,-68.1,-47.4,5.1394545923308605,0.0,0.0,0.0,0.0,0.0,0.0,0.0,0.0,0.0,0.0,0.0,H,L,131
131,e,30,H,H,O,16.904000000000003,0.1285714285714285,"(False, 0.0)",L,132,52.0,51.72,51.72,8.78,8.78,42.94,42.94,8.78,8.78,42.94,42.94,2.6062281947962678,-64.2,-34.9,2.2386828848708906,0.3170731707317073,28.8,28.8,22.1,22.1,30.2,30.2,23.6,23.6,30.7,30.7,H,L,132
132,e,65,C,T,O,15.907999999999998,0.5142857142857142,"(False, 0.0)",T,133,95.0,98.12,98.12,20.95,20.95,74.66,74.66,23.46,23.46,77.17,77.17,1.9994088319378327,-87.5,-0.7,1.8344294372849856,0.6690140845070423,69.8,69.8,49.9,49.9,100.3,100.3,35.5,35.5,78.2,78.2,T,T,133
133,-,5,C,C,O,13.522,0.5142857142857142,"(False, 0.0)",A,134,6.0,6.28,6.28,6.28,6.28,0.0,0.0,6.28,6.28,0.0,0.0,2.684543315831458,-58.4,118.2,2.377174959004961,0.05660377358490566,5.8,5.8,14.3,14.3,0.0,0.0,16.6,16.6,0.0,0.0,-,A,134
134,e,75,C,C,O,11.956,-0.5857142857142857,"(False, 0.0)",S,135,101.0,99.19,99.19,33.83,33.83,44.78,44.78,54.41,54.41,65.36,65.36,1.9996831582982533,-73.0,-20.2,1.860314770363924,0.7769230769230769,83.8,83.8,77.9,77.9,95.4,95.4,76.2,76.2,87.2,87.2,-,S,135
135,e,35,C,S,O,11.943999999999999,-1.6285714285714286,"(False, 0.0)",S,136,50.0,46.99,46.99,3.81,3.81,36.19,36.19,10.8,10.8,43.18,43.18,1.9997529048315947,-155.7,164.7,2.380205562334255,0.38461538461538464,39.7,39.7,8.8,8.8,77.1,77.1,15.1,15.1,57.6,57.6,S,S,136
136,e,50,H,H,O,12.534,-0.9857142857142858,"(False, 0.0)",E,137,99.0,87.17,87.17,3.39,3.39,23.71,23.71,63.46,63.46,83.78,83.78,2.4365359947666776,-58.1,-30.9,1.7862626364577834,0.5103092783505154,50.0,50.0,8.1,8.1,45.9,45.9,51.8,51.8,63.4,63.4,H,E,137
137,e,80,H,H,O,14.919999999999998,-0.9857142857142858,"(False, 0.0)",K,138,172.0,169.37,169.37,5.71,5.71,108.64,108.64,60.73,60.73,163.67,163.67,1.9996282105698848,-64.6,-44.0,1.9175771240389008,0.8390243902439024,82.6,82.6,13.6,13.6,97.8,97.8,64.7,64.7,100.4,100.4,H,K,138
138,e,30,H,H,O,15.325999999999999,-1.3714285714285714,"(False, 0.0)",Q,139,67.0,68.51,68.51,4.89,4.89,27.25,27.25,41.26,41.26,63.62,63.62,1.9994211602852436,-67.6,-37.9,2.01714022795563,0.3383838383838384,38.3,38.3,11.7,11.7,58.0,58.0,31.3,31.3,46.5,46.5,H,Q,139
139,-,-5,H,H,O,14.948000000000002,-0.6142857142857142,"(False, 0.0)",L,140,0.0,0.0,0.0,0.0,0.0,0.0,0.0,0.0,0.0,0.0,0.0,4.660060356953896,-60.6,-45.9,4.748116475349231,0.0,0.0,0.0,0.0,0.0,0.0,0.0,0.0,0.0,0.0,0.0,H,L,140
140,e,25,H,H,O,16.086,0.5285714285714286,"(False, 0.0)",A,141,29.0,31.29,31.29,0.8,0.8,30.57,30.57,0.72,0.72,30.49,30.49,1.9997122386826085,-63.1,-38.8,2.057253320081184,0.2735849056603773,28.8,28.8,1.8,1.8,43.0,43.0,1.9,1.9,47.1,47.1,H,A,141
141,e,50,H,H,O,17.476,0.9714285714285715,"(False, 0.0)",D,142,82.99999999999999,72.1,72.1,6.6,6.6,22.94,22.94,49.16,49.16,65.51,65.51,1.999500133490554,-56.5,-42.5,1.7513788683046851,0.50920245398773,50.5,50.5,15.6,15.6,54.0,54.0,49.0,49.0,65.2,65.2,H,D,142
142,-,0,H,H,O,15.089999999999998,0.8285714285714285,"(False, 0.0)",I,143,2.0,1.03,1.03,0.09,0.09,0.94,0.94,0.09,0.09,0.94,0.94,3.176166627896908,-66.8,-35.0,2.8156287742508197,0.01183431952662722,0.6,0.6,0.2,0.2,0.7,0.7,0.3,0.3,0.7,0.7,H,I,143
143,-,0,H,H,O,15.645999999999997,0.22857142857142865,"(False, 0.0)",I,144,4.0,5.33,5.33,0.0,0.0,5.33,5.33,0.0,0.0,5.33,5.33,2.995834668913563,-64.7,-49.6,2.941206455286064,0.02366863905325444,3.0,3.0,0.0,0.0,3.8,3.8,0.0,0.0,4.0,4.0,H,I,144
144,e,60,H,H,O,13.99,inf,"(False, 0.0)",S,145,84.0,83.64,83.64,24.34,24.34,32.02,32.02,51.62,51.62,59.29,59.29,1.9995946596876082,-59.0,-30.5,1.8242507677080235,0.6461538461538462,70.7,70.7,56.1,56.1,68.2,68.2,72.3,72.3,79.1,79.1,H,S,145
145,e,50,C,T,O,inf,inf,"(False, 0.0)",R,146,126.0,134.33,134.33,34.33,34.33,66.32,66.32,68.01,68.01,99.99,99.99,1.9998210299048125,-65.9,-22.1,1.806875767003352,0.5080645161290323,56.4,56.4,81.7,81.7,90.6,90.6,41.2,41.2,51.0,51.0,T,R,146
146,e,45,C,C,O,inf,inf,"(False, 0.0)",G,147,42.0,37.06,37.06,37.06,37.06,11.73,11.73,25.34,25.34,0.0,0.0,1.9995674978683955,-83.0,360.0,1.6904071495809263,0.5,45.7,45.7,45.7,45.7,32.2,32.2,56.7,56.7,inf,inf,-,G,147
